<Hierarchy>:
	<Frame>: 0 3 Carpet_11
		<Transform>: 0 0 0 0 0 0 1 1 1 0 0 0 1  
		<TransformMatrix>: 1 0 0 0 0 1 0 0 0 0 1 0 0 0 0 1  
		<Mesh>: 12 Rugs11
			<Bounds>: 1.192093E-07 0.003236365 0 0.6087381 0.003236847 0.998188
			<Positions>: 12 -0.6022647 0.006473016 0.9917145 -0.608738 -4.819885E-07 0.998188 0.6087381 -2.836459E-07 0.998188 0.6022643 0.006473212 0.9917145 0.6022645 0.006473212 -0.9917145 0.6087382 -2.836459E-07 -0.998188 0.6087381 -2.836459E-07 0.998188 -0.6022646 0.006473016 -0.9917145 -0.608738 -4.819885E-07 0.998188 -0.6087378 -4.819885E-07 -0.998188 -0.6087378 -4.819885E-07 -0.998188 0.6087382 -2.836459E-07 -0.998188  
			<Colors>: 0  
			<TextureCoords0>: 12 0.1563549 0.3342272 0.1553496 0.3327787 0.3467861 0.3344575 0.3457556 0.3358881 0.3430207 0.6477634 0.3444513 0.6487939 0.347204 0.3348829 0.15362 0.6461024 0.1549243 0.3331967 0.1521715 0.6471078 0.1525895 0.6475332 0.344026 0.6492119  
			<TextureCoords1>: 12 0.9496818 0.9477222 0.953846 0.9520618 0.9607295 0.391162 0.9562863 0.3953856 0.05898155 0.395501 0.05481729 0.3911611 0.9607295 0.391162 0.05238137 0.9478383 0.953846 0.9520618 0.04793819 0.9520618 0.04793819 0.9520618 0.05481729 0.3911611  
			<Normals>: 12 -0.01067755 0.9999393 0.002710092 -0.4943449 0.8135299 0.306255 0.5023755 0.809201 0.3046515 0.01071288 0.9999391 0.002662182 0.01071775 0.9999391 -0.00265743 0.5023755 0.8092011 -0.3046515 0.5023755 0.809201 0.3046515 -0.01067109 0.9999394 -0.002716333 -0.4943449 0.8135299 0.306255 -0.4943449 0.81353 -0.306255 -0.4943449 0.81353 -0.306255 0.5023755 0.8092011 -0.3046515  
			<Tangents>: 12 0.9999101 0.01065517 0.008137498 0.869229 0.4593848 0.1827745 0.8646128 -0.4733869 -0.1683729 0.9998916 -0.01073919 0.01007349 0.9999094 -0.01069569 0.008181772 0.8378764 -0.5426009 -0.05955885 0.8341057 -0.5463725 0.07579435 0.999892 0.010698 0.01008314 0.8422282 0.5354449 -0.06285354 0.8384394 0.5392337 0.07903378 0.8692294 0.4658593 -0.165576 0.8646124 -0.4668774 0.1856633  
			<BiTangents>: 12 -0.008108128 -0.002796737 0.9999632 -0.008003652 -0.3565594 0.9342384 -0.0079705 -0.347992 0.9374636 -0.01010147 -0.002553977 0.9999458 -0.00815285 0.002744879 0.999963 0.2134993 0.2253394 0.9505999 -0.227786 -0.2160343 0.9494433 -0.01011159 0.002608441 0.9999455 0.2151159 -0.2268653 0.9498723 -0.2294394 0.2177064 0.948663 -0.007970744 0.3480575 0.9374393 -0.008004047 0.3566782 0.934193  
			<SubMeshes>: 1
				<SubMesh>: 0 30 0 1 2 0 2 3 0 3 4 3 5 4 3 6 5 0 4 7 7 8 0 7 9 8 4 10 7 4 11 10  
		</Mesh>
		<Materials>: 1
			<Material>: 0
				<AlbedoColor>: 1 1 1 1
				<EmissiveColor>: 1 1 1 1
				<Glossiness>: 0.5
				<Metallic>: 0
				<SpecularHighlight>: 1
				<GlossyReflection>: 1
				<AlbedoMap>: Carpet_2_Diffuse
				<MetallicMap>: Carpet_2_Maskmap
				<NormalMap>: Carpet_2_Normal
				<EmissionMap>: null
				<DetailAlbedoMap>: null
				<DetailNormalMap>: null
		</Materials>
		<Children>: 0
	</Frame>
</Hierarchy>
