<Hierarchy>:
	<Frame>: 0 3 Carpet_10
		<Transform>: 0 0 0 0 0 0 1 1 1 0 0 0 1  
		<TransformMatrix>: 1 0 0 0 0 1 0 0 0 0 1 0 0 0 0 1  
		<Mesh>: 47 Rugs10
			<Bounds>: -0.0002678037 0.01485648 -0.0007365644 0.602532 0.0149821 0.9924511
			<Positions>: 47 0.6022642 0.006348079 -0.5602928 0.6022642 0.006348079 -0.9917145 0.1264892 0.006348002 -0.9917145 -0.07003339 0.00634797 -0.7956236 0.08319668 0.02983858 -0.9870703 0.6022641 0.006348079 0.9917145 -0.1107758 0.02983855 -0.8061768 0.01132481 0.006347983 -0.9917145 -0.3364983 0.006347926 -0.6057236 -0.6022645 0.006347883 0.9917145 -0.6022644 0.006347883 -0.5226685 -0.3448066 0.02983851 -0.6558069 -0.6018103 0.02983847 -0.5582787 -0.1420721 0.006347958 -0.8128219 -0.6022643 0.006347883 -0.9917145 -0.3622542 0.006347922 -0.6693512 -0.6022644 0.006347883 -0.6226254 -0.6022645 0.006347883 0.9917145 -0.6022645 -0.0001256136 0.9917145 0.6022641 -0.0001254174 0.9917145 0.6022641 0.006348079 0.9917145 0.6022641 0.006348079 0.9917145 0.6022641 -0.0001254174 0.9917145 0.6022642 -0.0001254174 -0.5602928 0.6022642 0.006348079 -0.5602928 0.6022642 -0.0001254174 -0.9917145 0.6022642 0.006348079 -0.9917145 -0.6022644 0.006347883 -0.5226685 -0.6022645 -0.0001256136 0.9917145 -0.6022645 0.006347883 0.9917145 -0.6027998 8.550726E-05 -0.5242184 -0.6018103 0.02983847 -0.5582787 -0.6018797 0.02336597 -0.558189 -0.6022644 0.006347883 -0.6226254 -0.6017899 0.0001021684 -0.6209906 -0.6022643 0.006347883 -0.9917145 -0.6022643 -0.0001256136 -0.9917145 0.01132481 0.006347983 -0.9917145 -0.6022643 -0.0001256136 -0.9917145 -0.6022643 0.006347883 -0.9917145 0.01252203 9.202806E-05 -0.9905586 0.08319668 0.02983858 -0.9870703 0.08296661 0.0233779 -0.9874061 0.1264892 0.006348002 -0.9917145 0.125067 0.00020689 -0.9931876 0.6022642 0.006348079 -0.9917145 0.6022642 -0.0001254174 -0.9917145  
			<Colors>: 0  
			<TextureCoords0>: 47 1.561834 0.7367854 1.561919 0.6684065 1.63734 0.6684721 1.668335 0.6996249 1.64515 0.6683654 1.561628 0.9826152 1.675492 0.6970828 1.657068 0.6669891 1.710497 0.7297291 1.752392 0.9827517 1.752577 0.7428803 1.712209 0.7210819 1.752688 0.7361866 1.681306 0.6949404 1.753536 0.6670977 1.715611 0.7173829 1.753104 0.7253814 1.752392 0.9827517 1.752391 0.983777 1.561628 0.9836404 1.561628 0.9826152 1.561628 0.9826152 1.560603 0.9826143 1.560809 0.7367845 1.561834 0.7367854 1.560893 0.6684051 1.561919 0.6684065 1.752577 0.7428803 1.753417 0.9827526 1.752392 0.9827517 1.753574 0.7426513 1.752688 0.7361866 1.753558 0.7362609 1.753104 0.7253814 1.754103 0.7256006 1.753536 0.6670977 1.754557 0.6671052 1.657068 0.6669891 1.753537 0.6660799 1.753536 0.6670977 1.6569 0.665983 1.64515 0.6683654 1.6451 0.6674368 1.63734 0.6684721 1.637519 0.6674685 1.561919 0.6684065 1.56192 0.6673808  
			<TextureCoords1>: 47 0.2550808 0.397688 0.05797607 0.3959293 0.05603636 0.6132978 0.1448132 0.704992 0.05498851 0.6359042 0.961131 0.3992437 0.1372892 0.7257299 0.05083873 0.6703172 0.2311826 0.8270079 0.961131 0.9450815 0.2708838 0.9480734 0.2061193 0.832018 0.251573 0.949206 0.1308317 0.7425825 0.04799095 0.9520091 0.1954564 0.8422463 0.2197843 0.9508457 0.04799095 0.1696469 0.04799098 0.1725984 0.5971625 0.1725982 0.5971625 0.1696469 0.04799148 0.2833447 0.04799095 0.2862961 0.7555862 0.2862961 0.7555866 0.2833447 0.9522811 0.2862961 0.9522812 0.2833447 0.2618429 0.3449815 0.952293 0.3479384 0.9522935 0.3449869 0.2611361 0.347847 0.2456045 0.3342871 0.2456449 0.3372376 0.2162687 0.3449813 0.2170144 0.3478369 0.04799096 0.3449869 0.04799095 0.3479384 0.3175284 0.2309563 0.5972583 0.2353538 0.5972738 0.2324024 0.316967 0.2338539 0.2845822 0.2205893 0.2847201 0.2235375 0.264906 0.2316176 0.2655648 0.2344945 0.04799095 0.2324023 0.04800058 0.2353537  
			<Normals>: 47 -1.631896E-07 1 0 -1.631896E-07 1 0 -6.595984E-06 0.9999965 0.00266017 0.00535962 0.9999536 0.00800547 0.2191931 0.9462334 0.2379009 -1.625559E-07 1 0 0.02669992 0.9972294 0.06943084 -0.1281885 0.9837738 -0.1255263 1.408905E-05 0.9999858 0.005325839 -1.628128E-07 1 0 0.008004737 0.9997934 0.0186907 0.03737461 0.9978735 0.05340006 0.0534248 0.9909834 0.1228728 -0.06940823 0.9932045 -0.09342032 -1.632191E-07 1 0 -0.04805132 0.9919122 -0.1174785 -0.03472282 0.9911439 -0.1281718 0 0 1 0 0 1 0 0 1 0 0 1 1 0 0 1 0 0 1 0 0 1 0 0 1 0 1.66736E-07 1 0 1.66736E-07 -0.9991085 0.04221555 2.09012E-05 -0.9991184 0.04198207 0.0001794385 -0.9991184 0.04198207 0.0001794385 -0.999113 0.04210816 3.974489E-05 -0.999889 -0.006643546 0.01333242 -0.9999106 -0.0001793615 0.01337032 -0.9993381 -0.0362772 0.002706007 -0.999348 -0.03600487 0.002668462 -0.9993047 -0.03728417 0.0001866128 -0.9993056 -0.03725891 0.0003182037 0.005368232 -0.08736113 -0.9961623 4.356577E-05 -0.09056067 -0.9958909 4.786957E-05 -0.0905511 -0.9958918 0.005354697 -0.0868635 -0.9962058 0.03207662 0.01617827 -0.9993544 0.03206765 0.0237011 -0.9992047 -1.979433E-05 0.118983 -0.9928964 1.393011E-05 0.1184079 -0.9929651 6.240124E-05 0.1161102 -0.9932364 3.769738E-05 0.116125 -0.9932346  
			<Tangents>: 47 -0.9999994 0 -0.001085157 -1 0 0 -0.9996746 0 0.02551092 -0.9991133 0.005020434 0.04180367 -0.9754804 0.2075849 0.07311805 -1 0 0 -0.9927757 0.01832486 0.1185775 -0.9916781 -0.1256264 0.02815189 -0.999835 0 0.01816266 -1 0 0 -0.9997953 0.007654611 0.01872975 -0.9952263 0.03234796 0.09207848 -0.9980076 0.04885275 0.03992825 -0.9963158 -0.06428634 0.05676495 -0.9999729 0 -0.007368508 -0.9981141 -0.04318466 0.04362761 -0.9993968 -0.03435716 0.005063314 -1 0 0 -1 0 0 -1 0 0 -1 0 0 0 1 0 0 1 0 0 1 0 0 1 0 0 0.9999992 -0.001330776 0 0.9999992 -0.001335767 -0.04219459 -0.9985966 -0.03200664 -0.04198224 -0.9991184 0 -0.04198224 -0.9991184 0 -0.04208912 -0.9986315 -0.03103949 0.006012674 -0.9988856 -0.04681324 0 -0.9987086 -0.05080443 0.03636084 -0.9983832 0.04369233 0.03608433 -0.9984982 0.04122232 0.0372818 -0.9992778 -0.007358628 0.03725585 -0.9992823 -0.006860454 -0.9956645 -0.09297495 0.002788137 -0.9999994 -0.001120385 0 -0.9999994 -0.00112042 0 -0.9953012 -0.09677717 0.00308858 -0.9894595 0.1417809 -0.02946377 -0.9851242 0.1696141 -0.02759252 -0.9657616 0.2575862 0.0308869 -0.9685582 0.2470383 0.02944493 -1 0 0 -1 0 0  
			<BiTangents>: 47 0.001085157 1.770862E-10 -0.9999994 0 0 -1 -0.02551083 0.002659136 -0.999671 -0.04176154 0.008222423 -0.9990938 -0.01980212 0.2480946 -0.9685334 0 0 -1 -0.1169767 0.07209527 -0.9905144 -0.01192567 -0.1280905 -0.9916908 -0.01816241 0.005325217 -0.9998209 0 0 -1 -0.01858281 0.01883679 -0.9996498 -0.09015529 0.05658653 -0.9943188 -0.03356556 0.1247611 -0.9916189 -0.05037355 -0.0970161 -0.9940073 0.007368507 1.202681E-09 -0.9999728 -0.0382015 -0.1193533 -0.9921167 -0.0006148528 -0.1282703 -0.991739 0 1 0 0 1 0 0 1 0 0 1 0 0 0 -1 0 0 -1 0 0 -1 0 0 -1 1.667358E-07 -0.001330776 -0.9999992 1.667358E-07 -0.001335767 -0.9999992 0.001330306 0.03197898 -0.9994876 -0.0001792803 7.53323E-06 -1 -0.0001792803 7.53323E-06 -1 0.001267325 0.03101363 -0.9995182 -0.01362857 0.04672788 -0.9988147 -0.01336216 0.0507999 -0.9986194 -0.001116596 -0.0437618 -0.9990414 -0.00118025 -0.04129174 -0.9991465 -0.0004608384 0.007346554 -0.9999729 -0.0005735883 0.006843834 -0.9999764 0.09286172 -0.9918285 0.08748149 0.001115781 -0.9958903 0.09056067 0.001115817 -0.9958912 0.0905511 0.09667827 -0.9915084 0.08697357 -0.1412127 -0.9897659 -0.0205556 -0.1688253 -0.9852255 -0.02878765 -0.2594314 -0.9589017 -0.1149041 -0.2487869 -0.9617441 -0.1146884 0 -0.9932364 -0.1161102 0 -0.9932346 -0.116125  
			<SubMeshes>: 1
				<SubMesh>: 0 129 0 1 2 2 3 0 4 3 2 3 5 0 4 6 3 7 6 4 5 3 8 6 8 3 5 8 9 8 10 9 11 10 8 6 11 8 11 12 10 7 13 6 13 11 6 14 13 7 15 12 11 13 15 11 14 15 13 15 16 12 14 16 15 17 18 19 17 19 20 21 22 23 21 23 24 24 23 25 24 25 26 27 28 29 27 30 28 31 30 27 31 32 30 33 32 31 33 34 32 35 34 33 35 36 34 37 38 39 37 40 38 41 40 37 41 42 40 43 42 41 43 44 42 45 44 43 45 46 44  
		</Mesh>
		<Materials>: 1
			<Material>: 0
				<AlbedoColor>: 1 1 1 1
				<EmissiveColor>: 1 1 1 1
				<Glossiness>: 0.5
				<Metallic>: 0
				<SpecularHighlight>: 1
				<GlossyReflection>: 1
				<AlbedoMap>: Carpet_2_Diffuse
				<MetallicMap>: Carpet_2_Maskmap
				<NormalMap>: Carpet_2_Normal
				<EmissionMap>: null
				<DetailAlbedoMap>: null
				<DetailNormalMap>: null
		</Materials>
		<Children>: 0
	</Frame>
</Hierarchy>
