<Hierarchy>:
	<Frame>: 0 3 Carpet_12
		<Transform>: 0 0 0 0 0 0 1 1 1 0 0 0 1  
		<TransformMatrix>: 1 0 0 0 0 1 0 0 0 0 1 0 0 0 0 1  
		<Mesh>: 65 Rugs12
			<Bounds>: -0.000223577 0.01499343 -0.0007534623 0.6027412 0.0149821 0.9924679
			<Positions>: 65 0.1841349 0.006484959 -0.9917145 0.6022643 0.006485028 0.2145959 0.6022644 0.006485028 -0.9917145 0.1841348 0.006484959 0.3064064 0.6022643 0.01681223 0.2505733 0.1841348 0.01995247 0.3240974 0.6022643 0.006485028 0.2647494 0.1841348 0.006484959 0.3542011 0.6022643 0.006485028 0.9917145 -0.6022646 0.006484831 0.9917145 -0.1992243 0.006484897 0.5705162 -0.6022645 0.006484831 0.6702325 -0.1992243 0.01709413 0.5452089 -0.6022645 0.02144643 0.6032255 -0.1992242 0.006484897 0.5001386 -0.6022645 0.006484831 0.5674322 -0.1992242 0.006484897 -0.7821354 -0.6022645 0.006484831 -0.5252351 -0.6018103 0.02997542 -0.5956936 -0.1862458 0.01785677 -0.8133641 0.09677653 0.02997554 -0.9870703 -0.6022645 0.006484831 -0.634137 -0.1992242 0.006484897 -0.8478695 -0.0139714 0.006484927 -0.9917145 -0.6022645 0.006484831 -0.9917145 -0.6022645 0.006484831 0.6702325 -0.6022646 1.133428E-05 0.9917145 -0.6022646 0.006484831 0.9917145 -0.6024519 7.292131E-05 0.6693615 -0.6022645 0.02144643 0.6032255 -0.6023175 0.01497421 0.6033428 -0.6022645 0.006484831 0.5674322 -0.6021279 8.844702E-05 0.5684189 -0.6022645 0.006484831 -0.5252351 -0.6029648 0.0001494286 -0.5263656 -0.6018103 0.02997542 -0.5956936 -0.601873 0.02350486 -0.5955089 -0.6022645 0.006484831 -0.634137 -0.6016196 0.0001777025 -0.6328294 -0.6022645 0.006484831 -0.9917145 -0.6022645 1.133428E-05 -0.9917145 -0.6022646 0.006484831 0.9917145 -0.6022646 1.133428E-05 0.9917145 0.6022643 1.153053E-05 0.9917145 0.6022643 0.006485028 0.9917145 0.6022643 0.006485028 0.9917145 0.6022643 1.153053E-05 0.9917145 0.6019466 0.0002139549 0.263175 0.6022643 0.006485028 0.2647494 0.6021969 0.01034363 0.2503306 0.6022643 0.01681223 0.2505733 0.6025176 0.0001563774 0.2159339 0.6022643 0.006485028 0.2145959 0.6022644 1.153053E-05 -0.9917145 0.6022644 0.006485028 -0.9917145 -0.0139714 0.006484927 -0.9917145 -0.6022645 1.133428E-05 -0.9917145 -0.6022645 0.006484831 -0.9917145 -0.0133471 9.167218E-05 -0.9909127 0.09677653 0.02997554 -0.9870703 0.09659152 0.02354551 -0.9877961 0.1841349 0.006484959 -0.9917145 0.1833207 0.0002421864 -0.9932214 0.6022644 0.006485028 -0.9917145 0.6022644 1.153053E-05 -0.9917145  
			<Colors>: 0  
			<TextureCoords0>: 65 1.497114 0.6524462 1.563761 0.458855 1.56417 0.652275 1.496675 0.4443759 1.563755 0.4528574 1.496915 0.4408451 1.563924 0.4500617 1.497067 0.4356054 1.563816 0.3334909 1.370668 0.3339186 1.435434 0.4013877 1.370737 0.385437 1.435305 0.4058071 1.370737 0.396399 1.435243 0.4132591 1.370605 0.4025796 1.435436 0.61909 1.370769 0.5778191 1.370543 0.5896444 1.437269 0.624539 1.482628 0.6525995 1.369965 0.5967798 1.435024 0.6303871 1.464625 0.6535836 1.370513 0.6538602 1.370737 0.385437 1.369632 0.3339198 1.370668 0.3339186 1.369704 0.3855396 1.370737 0.396399 1.36978 0.3963841 1.370605 0.4025796 1.369577 0.4024352 1.370769 0.5778191 1.369746 0.5779805 1.370543 0.5896444 1.369629 0.5895973 1.369965 0.5967798 1.368945 0.5966314 1.370513 0.6538602 1.36948 0.6538695 1.370668 0.3339186 1.370666 0.3328808 1.563813 0.3324531 1.563816 0.3334909 1.563816 0.3334909 1.564854 0.3334903 1.564936 0.4503021 1.563924 0.4500617 1.564618 0.4528679 1.563755 0.4528574 1.564777 0.4586459 1.563761 0.458855 1.565208 0.6522726 1.56417 0.652275 1.464625 0.6535836 1.370516 0.6548951 1.370513 0.6538602 1.464703 0.6546153 1.482628 0.6525995 1.482635 0.6535962 1.497114 0.6524462 1.497035 0.6534786 1.56417 0.652275 1.564173 0.6533121  
			<TextureCoords1>: 65 0.05179799 0.5901496 0.6011392 0.4002473 0.05195565 0.3997926 0.6450512 0.5911431 0.6180699 0.399941 0.6552027 0.5903034 0.6261536 0.3995175 0.6701688 0.589747 0.9610109 0.398232 0.9565316 0.9520168 0.7663313 0.7657155 0.8111104 0.9503046 0.7537351 0.7660226 0.7797474 0.9503412 0.7326989 0.7661264 0.7620187 0.9504132 0.146403 0.7659113 0.2641606 0.9496112 0.2302697 0.9505787 0.1309487 0.760587 0.05096189 0.6312313 0.2099437 0.9520168 0.1144464 0.7669445 0.04798316 0.6828314 0.04853001 0.9511594 0.8068089 0.3472594 0.9535934 0.3502108 0.9535934 0.3472551 0.8064113 0.3501883 0.7762133 0.3404317 0.7762671 0.343387 0.7598708 0.3472637 0.7603213 0.3501849 0.2609769 0.3472775 0.2604605 0.3501877 0.228802 0.3365688 0.2288848 0.3395233 0.211235 0.3472641 0.2118329 0.3501584 0.04798316 0.3472934 0.04798345 0.3502489 0.04798316 0.167376 0.0479832 0.1703317 0.5979448 0.1703315 0.5979447 0.1673759 0.04798316 0.2856299 0.04798318 0.2885856 0.3806191 0.288495 0.3799002 0.2856281 0.3864838 0.2838692 0.3863736 0.2809158 0.4021885 0.2885206 0.4027994 0.2856288 0.9535751 0.2885856 0.9535756 0.2856299 0.3293763 0.2289096 0.5979641 0.2329326 0.597976 0.229977 0.3290793 0.2318503 0.2787393 0.2183148 0.2788367 0.2212688 0.2388912 0.2293845 0.239272 0.2323155 0.04798316 0.2299769 0.0479911 0.2329326  
			<Normals>: 65 -1.487262E-06 0.9999964 0.002674423 -4.079193E-06 0.9999729 -0.00736475 -1.625315E-07 1 0 -2.30968E-06 0.9999778 -0.006659032 -0.005340133 0.9988934 -0.04672871 -0.02136894 0.9990717 -0.03740276 0.01068565 0.9991925 0.03873213 0.005357259 0.9998111 0.01868615 -1.624947E-07 1 0 -1.638997E-07 1 0 0.005339794 0.9999286 0.01068986 0.01068296 0.9987872 0.04806288 0.03205464 0.9988826 0.0347288 0.02136858 0.9994825 0.02404336 -0.005350157 0.9998965 -0.0133505 -2.328306E-06 0.999911 -0.01334813 0.005322322 0.9998968 0.01335034 0.01067423 0.9999111 0.00799277 0.08542234 0.9906075 0.1067703 0.0213534 0.9991697 0.03469881 0.1602231 0.9336189 0.320444 -0.06407248 0.9896839 -0.1281429 -0.05338831 0.9949131 -0.08542554 -0.1068547 0.9845227 -0.1389143 -1.629878E-07 1 0 -0.9998856 0.01512982 6.691665E-06 -0.9998955 0.01446237 -3.638733E-05 -0.9998956 0.01445193 -3.755454E-05 -0.999885 0.01516456 -4.581001E-06 -0.9999436 0.01028954 0.002653976 -0.9999548 0.009135692 0.002643819 -0.9991052 0.04229548 0 -0.9990965 0.0424982 -1.598213E-07 -0.998987 0.04491954 0.002658886 -0.9989906 0.04491946 -5.308771E-06 -0.999536 0.02583705 0.01612616 -0.9997062 0.02026335 0.013295 -0.9987872 -0.04916432 0.002654099 -0.9987539 -0.04983507 0.002680762 -0.9987468 -0.05004834 5.18366E-05 -0.9987466 -0.05005264 1.965533E-05 0 0 1 0 0 1 0 0 1 0 0 1 0.9996899 -0.02489726 -0.0002215851 0.9996915 -0.0248405 0.0001118667 0.9996895 -0.02491874 1.143739E-05 0.9996891 -0.02493197 -8.785166E-06 0.9999919 0.0005954294 -0.003995836 0.9999881 0.004087062 -0.002665612 0.9998072 0.01964102 -8.616481E-07 0.999808 0.01959558 1.892239E-07 0.9998067 0.01966458 0.0002110396 0.9998047 0.01976768 -0.0001060597 0.005343195 -0.05299754 -0.9985803 1.33534E-06 -0.06211241 -0.9980692 7.524313E-05 -0.06211456 -0.9980691 0.00534858 -0.05311396 -0.9985741 0.02131864 0.0753097 -0.9969323 0.02133126 0.07513039 -0.9969456 -3.148802E-06 0.1278089 -0.9917989 -1.674139E-06 0.1273018 -0.9918641 0.002626494 0.1178395 -0.9930292 0.002700255 0.117859 -0.9930267  
			<Tangents>: 65 0.9999311 0 -0.01174241 0.9999768 0 -0.00682657 0.9999968 0 -0.002553794 0.9996518 0 -0.02638764 0.9997649 0.004351065 -0.0212425 0.9985684 0.01949337 -0.04981124 0.9998516 -0.01015328 -0.01391549 0.9997923 -0.004987795 -0.01976304 0.9999986 0 -0.001718137 0.9999992 0 -0.001356166 0.9999051 -0.005203333 -0.01275337 0.9999418 -0.01059928 -0.001995542 0.9992023 -0.03119814 -0.02492993 0.9997482 -0.02119699 -0.007368844 0.9999425 0.00522537 -0.009364371 0.9999864 0 -0.005216815 0.9996321 -0.00496491 -0.02666276 0.9999101 -0.0106087 -0.008196714 0.9956505 -0.08087092 -0.04626242 0.9988303 -0.01981437 -0.04410832 0.9870483 -0.1541743 -0.04433819 0.9975806 0.06004832 -0.03502836 0.998518 0.05228515 -0.01510075 0.9942169 0.107305 -0.004265477 0.9999766 0 -0.006842096 0.01512009 0.9992266 0.03630124 0.01446239 0.9998955 0 0.01445196 0.9998949 -0.001207744 0.01515497 0.9992631 0.03526265 0.01027885 0.9999392 -0.004011633 0.009123772 0.9999484 -0.004486273 0.04228855 0.9989418 -0.01808223 0.0424922 0.9989555 -0.01680263 0.04496807 0.9987354 0.02248616 0.04490833 0.9987459 0.02213309 0.02596769 0.9996312 0.007944509 0.02042535 0.9997173 0.01216455 -0.04923154 0.9965293 -0.0671235 -0.04990501 0.9967763 -0.0628221 -0.05004673 0.9987055 -0.009093007 -0.05005049 0.9986999 -0.009663455 0.9999976 0.002214883 0 0.9999976 0.002214883 0 0.9999976 0.002214883 0 0.9999976 0.002214884 0 -0.0248974 -0.9996901 0 -0.02484042 -0.9996915 0 -0.02490912 -0.9993159 -0.02733741 -0.02491993 -0.9991952 -0.03143351 0 -0.9995909 -0.02860178 0.004010553 -0.999597 -0.02810216 0.01964058 -0.9997842 0.006775618 0.01959484 -0.99977 0.008723753 0.01966499 -0.9998043 -0.002180031 0.0197674 -0.9998022 -0.002211331 0.9971975 0.07480236 0.001365823 0.9999957 -0.002928286 0 0.9999957 -0.002923875 0 0.997246 0.07415172 0.001397352 0.9979877 -0.06116305 0.01672086 0.9980248 -0.06053481 0.01679241 0.9901452 -0.1388958 -0.01790205 0.9903206 -0.1376692 -0.01767097 0.9999933 -0.002829504 0.002309146 0.9999932 -0.002838618 0.002382292  
			<BiTangents>: 65 0.01174237 -0.002674222 0.9999275 0.006826384 0.007364606 0.9999496 0.002553794 4.15072E-10 0.9999968 0.02638706 0.006656774 0.9996296 0.02101567 0.04683116 0.9986817 0.0490359 0.03841363 0.9980581 0.013511 -0.03887507 0.9991527 0.0196661 -0.01878814 0.99963 0.001718137 2.791881E-10 0.9999986 0.001356166 2.222751E-10 0.999999 0.01269683 -0.01075695 0.9998615 0.00148369 -0.04808141 0.9988424 0.0238186 -0.03550022 0.9990858 0.006855384 -0.02419477 0.9996837 0.009293641 0.01339983 0.999867 0.00521635 0.01334796 0.9998974 0.02659373 -0.01348734 0.9995553 0.008111193 -0.008079545 0.9999344 0.03719329 -0.1102578 0.9932069 0.04338416 -0.03560008 0.9984239 -0.008009277 -0.3233978 0.9462293 0.02697224 0.1300772 0.9911369 0.01055745 0.08610515 0.9962301 -0.01070675 0.1385668 0.9902952 0.006842096 1.115178E-09 0.9999766 -0.0005425446 -0.03629718 0.9993409 -3.638352E-05 5.262477E-07 1 -2.009635E-05 0.001208161 0.9999993 -0.0005393202 -0.03525853 0.9993781 0.002695092 0.003984127 0.9999884 0.002684667 0.004461948 0.9999864 0.0007647964 0.01806604 0.9998364 0.0007139217 0.01678745 0.9998588 0.001645455 -0.02258295 0.9997436 -0.0009995083 -0.02211051 0.999755 0.01591495 -0.008359584 0.9998384 0.01304475 -0.01243253 0.9998376 -0.0006551942 0.06717277 0.9977412 -0.0004586238 0.06287759 0.9980211 -0.0004033204 0.009084205 0.9999586 -0.0004640517 0.009652327 0.9999533 0.002214883 -0.9999975 0 0.002214883 -0.9999975 0 0.002214883 -0.9999975 0 0.002214883 -0.9999975 0 0.0002215165 -5.516895E-06 1 -0.0001118322 2.778816E-06 1 -0.0006926435 -0.02732864 0.9996263 -0.0007749212 -0.03142395 0.9995058 0.004011232 -0.02860155 0.9995828 0.002779393 -0.02809114 0.9996015 -0.0001322186 0.006774327 0.9999771 -0.0001711362 0.008722073 0.9999619 -0.0001681289 -0.002183759 0.9999976 0.0001497516 -0.002208802 0.9999975 -0.07462378 0.9957891 -0.0532487 0.002922632 0.9980649 -0.06211214 0.00291823 0.9980648 -0.06211407 -0.07397177 0.9958315 -0.05336429 0.05971618 0.9952826 0.07646208 0.05908829 0.9953346 0.07627328 0.1400447 0.9820248 0.1265489 0.1387987 0.9822634 0.1260694 0.002537671 0.9930286 0.1178462 0.002538049 0.9930263 0.1178659  
			<SubMeshes>: 1
				<SubMesh>: 0 192 0 1 2 0 3 1 4 1 3 4 3 5 6 4 5 6 5 7 7 8 6 7 9 8 7 10 9 5 10 7 10 11 9 5 12 10 12 11 10 3 12 5 12 13 11 3 14 12 14 13 12 0 14 3 14 15 13 16 15 14 0 16 14 16 17 15 18 17 16 0 19 16 18 16 19 0 20 19 21 18 19 20 22 19 21 19 22 20 23 22 24 21 22 24 22 23 25 26 27 25 28 26 29 28 25 29 30 28 31 30 29 31 32 30 33 32 31 33 34 32 35 34 33 35 36 34 37 36 35 37 38 36 39 38 37 39 40 38 41 42 43 41 43 44 45 46 47 45 47 48 48 47 49 48 49 50 50 49 51 50 51 52 52 51 53 52 53 54 55 56 57 55 58 56 59 58 55 59 60 58 61 60 59 61 62 60 63 62 61 63 64 62  
		</Mesh>
		<Materials>: 1
			<Material>: 0
				<AlbedoColor>: 1 1 1 1
				<EmissiveColor>: 1 1 1 1
				<Glossiness>: 0.5
				<Metallic>: 0
				<SpecularHighlight>: 1
				<GlossyReflection>: 1
				<AlbedoMap>: Carpet_2_Diffuse
				<MetallicMap>: Carpet_2_Maskmap
				<NormalMap>: Carpet_2_Normal
				<EmissionMap>: null
				<DetailAlbedoMap>: null
				<DetailNormalMap>: null
		</Materials>
		<Children>: 0
	</Frame>
</Hierarchy>
