<Hierarchy>:
	<Frame>: 0 3 Carpet_5
		<Transform>: 0 0 0 0 0 0 1 1 1 0 0 0 1  
		<TransformMatrix>: 1 0 0 0 0 1 0 0 0 0 1 0 0 0 0 1  
		<Mesh>: 36 Rugs05
			<Bounds>: 4.768372E-07 0.01920498 -8.940697E-08 0.4548904 0.006873731 0.6803374
			<Positions>: 36 -0.4279414 0.02607871 -0.6449894 -0.4279414 0.02607871 0.6449894 0.4279425 0.02607871 0.6449894 0.4279425 0.02607871 -0.6449894 -0.4430085 0.0219686 -0.6625678 -0.4548899 0.01233125 -0.6803375 -0.4548899 0.01233125 0.6803373 -0.4430085 0.0219686 0.6625677 -0.4361902 0.02461962 -0.6541298 -0.4361902 0.02461962 0.6541297 -0.4279414 0.02607871 -0.6449894 -0.4279414 0.02607871 0.6449894 0.4430096 0.0219686 -0.6625678 0.4548908 0.01233125 -0.6803375 -0.4548899 0.01233125 -0.6803375 -0.4430085 0.0219686 -0.6625678 0.4361913 0.02461962 -0.6541298 -0.4361902 0.02461962 -0.6541298 0.4279425 0.02607871 -0.6449894 -0.4279414 0.02607871 -0.6449894 0.4430096 0.02196859 0.6625677 0.4548908 0.01233125 0.6803373 0.4548908 0.01233125 -0.6803375 0.4430096 0.0219686 -0.6625678 0.4361913 0.02461962 0.6541297 0.4361913 0.02461962 -0.6541298 0.4279425 0.02607871 0.6449894 0.4279425 0.02607871 -0.6449894 -0.4430085 0.0219686 0.6625677 -0.4548899 0.01233125 0.6803373 0.4548908 0.01233125 0.6803373 0.4430096 0.02196859 0.6625677 -0.4361902 0.02461962 0.6541297 0.4361913 0.02461962 0.6541297 -0.4279414 0.02607871 0.6449894 0.4279425 0.02607871 0.6449894  
			<Colors>: 0  
			<TextureCoords0>: 36 0.3347642 0.6665296 0.3347642 0.9907494 0.1179829 0.9907494 0.1179829 0.6665296 1.13196 0.9934157 1.128908 0.9977294 1.12876 0.6601048 1.131916 0.6645158 1.13385 0.9912535 1.133828 0.6666964 1.13574 0.9890913 1.13574 0.6688771 1.148152 0.8849609 1.144692 0.8878361 1.144526 0.6621915 1.148102 0.6651397 1.15014 0.8831059 1.150116 0.6670074 1.152128 0.8812509 1.152129 0.6688752 1.123776 0.9934157 1.120724 0.9977294 1.120575 0.6601048 1.123731 0.6645158 1.125665 0.9912535 1.125643 0.6666964 1.127555 0.9890913 1.127555 0.6688771 1.139968 0.8849608 1.136508 0.8878361 1.136341 0.6621915 1.139918 0.6651397 1.141956 0.8831058 1.141931 0.6670074 1.143944 0.8812508 1.143945 0.6688752  
			<TextureCoords1>: 36 0.09220213 0.91284 0.9243903 0.9127593 0.9240732 0.3606358 0.0918852 0.3607164 0.08044248 0.9230704 0.06716721 0.9330262 0.9493018 0.9330262 0.9361885 0.9229609 0.0862096 0.9182721 0.9303975 0.9181818 0.09220213 0.91284 0.9243903 0.9127593 0.08008723 0.3505149 0.06697384 0.3404496 0.06716721 0.9330262 0.08044248 0.9230704 0.08587808 0.3552939 0.0862096 0.9182721 0.0918852 0.3607164 0.09220213 0.91284 0.9358327 0.3504055 0.9491079 0.3404497 0.06697384 0.3404496 0.08008723 0.3505149 0.9300656 0.3552037 0.08587808 0.3552939 0.9240732 0.3606358 0.0918852 0.3607164 0.9361885 0.9229609 0.9493018 0.9330262 0.9491079 0.3404497 0.9358327 0.3504055 0.9303975 0.9181818 0.9300656 0.3552037 0.9243903 0.9127593 0.9240732 0.3606358  
			<Normals>: 36 -0.06710992 0.9960479 -0.05817876 -0.06711001 0.996048 0.05817797 0.06711014 0.996048 0.05817796 0.06711005 0.9960479 -0.05817876 -0.3133204 0.9230051 -0.2233654 -0.2779944 0.9099833 -0.3076516 -0.2779963 0.9099829 0.3076511 -0.3133201 0.9230048 0.2233667 -0.1657068 0.9773696 -0.1314908 -0.1657066 0.9773695 0.1314925 -0.06710992 0.9960479 -0.05817876 -0.06711001 0.996048 0.05817797 0.313323 0.9230042 -0.2233652 0.2779951 0.9099826 -0.307653 -0.2779944 0.9099833 -0.3076516 -0.3133204 0.9230051 -0.2233654 0.1657071 0.9773696 -0.1314908 -0.1657068 0.9773696 -0.1314908 0.06711005 0.9960479 -0.05817876 -0.06710992 0.9960479 -0.05817876 0.3133229 0.923004 0.2233664 0.2779963 0.9099823 0.3076529 0.2779951 0.9099826 -0.307653 0.313323 0.9230042 -0.2233652 0.1657068 0.9773694 0.1314925 0.1657071 0.9773696 -0.1314908 0.06711014 0.996048 0.05817796 0.06711005 0.9960479 -0.05817876 -0.3133201 0.9230048 0.2233667 -0.2779963 0.9099829 0.3076511 0.2779963 0.9099823 0.3076529 0.3133229 0.923004 0.2233664 -0.1657066 0.9773695 0.1314925 0.1657068 0.9773694 0.1314925 -0.06711001 0.996048 0.05817797 0.06711014 0.996048 0.05817796  
			<Tangents>: 36 -0.9977456 -0.06699573 0.003913193 -0.9977456 -0.06699582 -0.003913145 -0.9977456 0.06699595 0.003913152 -0.9977456 0.06699586 -0.003913201 0.9384267 0.3369826 0.07614641 0.9323698 0.3326681 0.1414874 0.9380022 0.3261966 -0.1172506 0.941533 0.3326102 -0.05372152 0.9858542 0.1675746 0.003190646 0.9860458 0.1663642 0.006046687 0.9958477 0.07046306 0.05763837 0.9964014 0.06993128 -0.04789475 -0.05046806 0.2510605 0.9666548 -0.05921885 0.3359036 0.940033 0.04579116 0.3324659 0.942003 0.03913489 0.2475585 0.9680822 0.01109983 0.1314772 0.9912571 -0.01511221 0.1308018 0.9912934 -0.08992058 0.06411084 0.9938834 0.08228122 0.06363654 0.9945754 -0.9384258 0.3369851 -0.07614518 -0.9323691 0.3326702 -0.1414866 -0.9380018 0.3261967 0.1172536 -0.941532 0.332613 0.05372176 -0.9858542 0.1675747 -0.003191042 -0.9860458 0.1663646 -0.006046822 -0.9958477 0.0704632 -0.05763832 -0.9964013 0.06993141 0.04789531 0.05046814 0.2510616 -0.9666545 0.05922062 0.3359023 -0.9400333 -0.04579575 0.3324687 -0.9420018 -0.03913469 0.2475599 -0.968082 -0.01110267 0.1314785 -0.9912568 0.01512229 0.1308019 -0.9912933 0.08991107 0.06410946 -0.9938843 -0.08228126 0.06363574 -0.9945754  
			<BiTangents>: 36 -2.326593E-10 -0.05831021 -0.9982985 -2.625646E-10 0.05830942 -0.9982986 -5.384959E-10 0.0583094 -0.9982985 3.152363E-10 -0.05831021 -0.9982985 -0.1455538 0.1857538 0.971756 -0.2310971 0.2475123 0.9409207 0.2070507 -0.2559822 0.9442474 0.1238793 -0.1934751 0.973253 -0.02515296 0.129102 0.9913123 0.0159658 -0.1306597 0.9912987 -0.06151004 0.05406908 0.9966409 0.05177392 -0.05475438 0.9971567 -0.9483047 0.2916024 -0.1252453 -0.9587554 0.2431058 -0.1472677 -0.9594907 -0.2477838 0.1340929 -0.9488407 -0.2945785 0.1136868 -0.9861126 0.1657179 -0.01093807 -0.9860592 -0.1662512 0.006904538 -0.9936854 0.06146809 -0.09386769 -0.994347 -0.06195886 0.08622668 0.1455535 0.1857548 -0.9717559 0.2310972 0.2475133 -0.9409205 -0.2070541 -0.2559831 -0.9442464 -0.1238796 -0.1934732 -0.9732533 0.02515365 0.1291037 -0.991312 -0.01596543 -0.1306579 -0.991299 0.06150994 0.05406827 -0.9966409 -0.05177455 -0.05475514 -0.9971566 0.9483056 0.2915994 0.125245 0.9587549 0.2431065 0.1472693 0.9594899 -0.2477839 -0.1340984 0.94884 -0.2945808 -0.1136877 0.9861127 0.1657177 0.01093546 0.9860591 -0.1662525 -0.006894707 0.9936862 0.06146874 0.09385813 0.994347 -0.06195913 -0.08622669  
			<SubMeshes>: 1
				<SubMesh>: 0 78 0 1 2 0 2 3 4 5 6 4 6 7 7 8 4 7 9 8 9 10 8 9 11 10 12 13 14 12 14 15 15 16 12 15 17 16 17 18 16 17 19 18 20 21 22 20 22 23 23 24 20 23 25 24 25 26 24 25 27 26 28 29 30 28 30 31 31 32 28 31 33 32 33 34 32 33 35 34  
		</Mesh>
		<Materials>: 1
			<Material>: 0
				<AlbedoColor>: 1 1 1 1
				<EmissiveColor>: 1 1 1 1
				<Glossiness>: 0.5
				<Metallic>: 0
				<SpecularHighlight>: 1
				<GlossyReflection>: 1
				<AlbedoMap>: Door_Mat_Diffuse
				<MetallicMap>: Door_Mat_Maskmap
				<NormalMap>: Door_Mat_Normal
				<EmissionMap>: null
				<DetailAlbedoMap>: null
				<DetailNormalMap>: null
		</Materials>
		<Children>: 0
	</Frame>
</Hierarchy>
