<Hierarchy>:
	<Frame>: 0 3 Carpet_8
		<Transform>: 0 0 0 0 0 0 1 1 1 0 0 0 1  
		<TransformMatrix>: 1 0 0 0 0 1 0 0 0 0 1 0 0 0 0 1  
		<Mesh>: 65 Rugs08
			<Bounds>: -0.000223577 0.01499343 -0.0007534623 0.6027412 0.0149821 0.9924679
			<Positions>: 65 0.1841349 0.006484959 -0.9917145 0.6022643 0.006485028 0.2145959 0.6022644 0.006485028 -0.9917145 0.1841348 0.006484959 0.3064064 0.6022643 0.01681223 0.2505733 0.1841348 0.01995247 0.3240974 0.6022643 0.006485028 0.2647494 0.1841348 0.006484959 0.3542011 0.6022643 0.006485028 0.9917145 -0.6022646 0.006484831 0.9917145 -0.1992243 0.006484897 0.5705162 -0.6022645 0.006484831 0.6702325 -0.1992243 0.01709413 0.5452089 -0.6022645 0.02144643 0.6032255 -0.1992242 0.006484897 0.5001386 -0.6022645 0.006484831 0.5674322 -0.1992242 0.006484897 -0.7821354 -0.6022645 0.006484831 -0.5252351 -0.6018103 0.02997542 -0.5956936 -0.1862458 0.01785677 -0.8133641 0.09677653 0.02997554 -0.9870703 -0.6022645 0.006484831 -0.634137 -0.1992242 0.006484897 -0.8478695 -0.0139714 0.006484927 -0.9917145 -0.6022645 0.006484831 -0.9917145 -0.6022645 0.006484831 0.6702325 -0.6022646 1.133428E-05 0.9917145 -0.6022646 0.006484831 0.9917145 -0.6024519 7.292131E-05 0.6693615 -0.6022645 0.02144643 0.6032255 -0.6023175 0.01497421 0.6033428 -0.6022645 0.006484831 0.5674322 -0.6021279 8.844702E-05 0.5684189 -0.6022645 0.006484831 -0.5252351 -0.6029648 0.0001494286 -0.5263656 -0.6018103 0.02997542 -0.5956936 -0.601873 0.02350486 -0.5955089 -0.6022645 0.006484831 -0.634137 -0.6016196 0.0001777025 -0.6328294 -0.6022645 0.006484831 -0.9917145 -0.6022645 1.133428E-05 -0.9917145 -0.6022646 0.006484831 0.9917145 -0.6022646 1.133428E-05 0.9917145 0.6022643 1.153053E-05 0.9917145 0.6022643 0.006485028 0.9917145 0.6022643 0.006485028 0.9917145 0.6022643 1.153053E-05 0.9917145 0.6019466 0.0002139549 0.263175 0.6022643 0.006485028 0.2647494 0.6021969 0.01034363 0.2503306 0.6022643 0.01681223 0.2505733 0.6025176 0.0001563774 0.2159339 0.6022643 0.006485028 0.2145959 0.6022644 1.153053E-05 -0.9917145 0.6022644 0.006485028 -0.9917145 -0.0139714 0.006484927 -0.9917145 -0.6022645 1.133428E-05 -0.9917145 -0.6022645 0.006484831 -0.9917145 -0.0133471 9.167218E-05 -0.9909127 0.09677653 0.02997554 -0.9870703 0.09659152 0.02354551 -0.9877961 0.1841349 0.006484959 -0.9917145 0.1833207 0.0002421864 -0.9932214 0.6022644 0.006485028 -0.9917145 0.6022644 1.153053E-05 -0.9917145  
			<Colors>: 0  
			<TextureCoords0>: 65 1.698118 0.6504117 1.762996 0.4619597 1.763395 0.6502451 1.697691 0.4478649 1.762991 0.4561213 1.697926 0.4444279 1.763155 0.4533998 1.698073 0.4393273 1.76305 0.3399235 1.57503 0.3403398 1.638076 0.4060179 1.575096 0.3904907 1.637951 0.41032 1.575097 0.4011617 1.63789 0.4175742 1.574968 0.4071782 1.638078 0.617941 1.575128 0.5777658 1.574907 0.5892771 1.639862 0.6232455 1.684017 0.650561 1.574345 0.5962231 1.637678 0.6289383 1.666492 0.6515191 1.574878 0.6517882 1.575096 0.3904907 1.57402 0.340341 1.57503 0.3403398 1.574091 0.3905905 1.575097 0.4011617 1.574165 0.4011472 1.574968 0.4071782 1.573967 0.4070377 1.575128 0.5777658 1.574132 0.5779228 1.574907 0.5892771 1.574018 0.5892313 1.574345 0.5962231 1.573352 0.5960786 1.574878 0.6517882 1.573873 0.6517974 1.57503 0.3403398 1.575027 0.3393296 1.763047 0.3389133 1.76305 0.3399235 1.76305 0.3399235 1.764061 0.3399228 1.76414 0.4536338 1.763155 0.4533998 1.763831 0.4561316 1.762991 0.4561213 1.763986 0.4617561 1.762996 0.4619597 1.764406 0.6502428 1.763395 0.6502451 1.666492 0.6515191 1.574881 0.6527956 1.574878 0.6517882 1.666568 0.6525233 1.684017 0.650561 1.684024 0.6515313 1.698118 0.6504117 1.698042 0.6514168 1.763395 0.6502451 1.763398 0.6512548  
			<TextureCoords1>: 65 0.05179799 0.5901496 0.6011392 0.4002473 0.05195565 0.3997926 0.6450512 0.5911431 0.6180699 0.399941 0.6552027 0.5903034 0.6261536 0.3995175 0.6701688 0.589747 0.9610109 0.398232 0.9565316 0.9520168 0.7663313 0.7657155 0.8111104 0.9503046 0.7537351 0.7660226 0.7797474 0.9503412 0.7326989 0.7661264 0.7620187 0.9504132 0.146403 0.7659113 0.2641606 0.9496112 0.2302697 0.9505787 0.1309487 0.760587 0.05096189 0.6312313 0.2099437 0.9520168 0.1144464 0.7669445 0.04798316 0.6828314 0.04853001 0.9511594 0.8068089 0.3472594 0.9535934 0.3502108 0.9535934 0.3472551 0.8064113 0.3501883 0.7762133 0.3404317 0.7762671 0.343387 0.7598708 0.3472637 0.7603213 0.3501849 0.2609769 0.3472775 0.2604605 0.3501877 0.228802 0.3365688 0.2288848 0.3395233 0.211235 0.3472641 0.2118329 0.3501584 0.04798316 0.3472934 0.04798345 0.3502489 0.04798316 0.167376 0.0479832 0.1703317 0.5979448 0.1703315 0.5979447 0.1673759 0.04798316 0.2856299 0.04798318 0.2885856 0.3806191 0.288495 0.3799002 0.2856281 0.3864838 0.2838692 0.3863736 0.2809158 0.4021885 0.2885206 0.4027994 0.2856288 0.9535751 0.2885856 0.9535756 0.2856299 0.3293763 0.2289096 0.5979641 0.2329326 0.597976 0.229977 0.3290793 0.2318503 0.2787393 0.2183148 0.2788367 0.2212688 0.2388912 0.2293845 0.239272 0.2323155 0.04798316 0.2299769 0.0479911 0.2329326  
			<Normals>: 65 0.0402925 0.9964015 0.07456896 -0.03383752 0.9833018 -0.1788086 -1.625315E-07 1 0 -0.05908279 0.9815523 -0.1818359 0.001196985 0.9999537 -0.009546373 -0.01573016 0.9998598 -0.005739624 0.05509797 0.9604542 0.2729321 0.09488031 0.9667663 0.2374038 -1.624947E-07 1 0 -1.638997E-07 1 0 0.05538034 0.9877121 0.146143 0.02453544 0.9931745 0.1140282 0.04343162 0.9977992 0.05010269 0.01266552 0.9998907 0.007623991 -0.07317703 0.9801078 -0.1844831 -0.02323567 0.9855285 -0.1679093 0.1144895 0.9747395 0.1917681 0.07013714 0.9910892 0.1132381 0.06989279 0.9942676 0.08091307 0.02888483 0.9975936 0.06302823 0.1683199 0.9276124 0.3334723 -0.1283415 0.9569823 -0.2602181 -0.1031706 0.980637 -0.166454 -0.1508368 0.969396 -0.1936998 -1.629878E-07 1 0 -0.999863 0.01646472 0.001691782 -0.9998945 0.01452207 0.0002922186 -0.9998945 0.01452207 0.0002922186 -0.999862 0.01652648 0.001736276 -0.9999763 0.006676588 0.001683742 -0.9999837 0.005505646 0.001539712 -0.9998339 0.01822404 0.000219326 -0.9998047 0.01976459 0.0002290526 -0.9986647 0.05146287 0.004498039 -0.9986577 0.05159391 0.004572506 -0.9997651 0.01212486 0.01796577 -0.9997978 0.006143402 0.01915094 -0.9988201 -0.04608162 0.01532254 -0.9988216 -0.04647008 0.01399823 -0.9987336 -0.05030388 0.0009104949 -0.9987336 -0.05030388 0.0009104949 0 0 1 0 0 1 0 0 1 0 0 1 0.9996899 -0.02489726 -0.0002215851 0.9996899 -0.02489726 -0.0002215851 0.9996303 -0.02655476 -0.0058257 0.9996213 -0.02674718 -0.006476508 0.9999425 -0.008562432 -0.006459096 0.9999771 -0.004310343 -0.005212942 0.9998548 0.0170406 0.0001138026 0.999851 0.01726243 9.591842E-05 0.9998047 0.01976768 -0.0001060597 0.9998047 0.01976768 -0.0001060597 0.01846925 -0.03335876 -0.9992728 0.0006839312 -0.06216427 -0.9980657 0.0006839312 -0.06216427 -0.9980657 0.01834983 -0.03355243 -0.9992685 0.01304722 0.0852691 -0.9962726 0.01308264 0.08513203 -0.9962838 -0.004172043 0.1461251 -0.9892573 -0.004111055 0.1458352 -0.9893003 0.001820197 0.1175854 -0.9930611 0.001820197 0.1175854 -0.9930611  
			<Tangents>: 65 0.9991465 -0.03949897 -0.01208644 0.9994247 0.03287986 -0.008317432 0.9999968 0 -0.002553569 0.998187 0.05599574 -0.02206903 0.9997908 -0.001391574 -0.0204032 0.9985728 0.0154164 -0.05113335 0.9984789 -0.05355548 -0.01310429 0.9954873 -0.09253639 -0.02102356 0.9999986 0 -0.001718199 0.9999992 0 -0.001356213 0.9984522 -0.05403344 -0.01317301 0.999699 -0.02437961 -0.002761217 0.9987931 -0.04221436 -0.0251033 0.9998952 -0.01261143 -0.00710236 0.9973189 0.07193561 -0.01342238 0.9997292 0.0226912 -0.005160806 0.9934183 -0.1116526 -0.02557107 0.9975367 -0.06954692 -0.009159224 0.9968045 -0.06646528 -0.04430895 0.9986849 -0.02612965 -0.04410824 0.9856735 -0.1620851 -0.04664952 0.9917177 0.1225343 -0.03848861 0.9946584 0.1011729 -0.02045989 0.9883713 0.1516997 -0.01045748 0.9999766 0 -0.006842139 0.01651534 0.999203 0.03633943 0.01452184 0.9998946 0 0.01452169 0.9998938 -0.001245482 0.01657749 0.9992392 0.03529972 0.00666977 0.9999697 -0.004022627 0.005498667 0.9999747 -0.004500138 0.01821708 0.99967 -0.01810648 0.01975794 0.9996631 -0.01682673 0.05155167 0.9984152 0.02257007 0.05168369 0.9984127 0.0223764 0.01227294 0.9998914 0.008155606 0.006380916 0.9999032 0.01236588 -0.04701837 0.9965931 -0.06776056 -0.04726727 0.9968709 -0.06335801 -0.05031007 0.9986926 -0.009060594 -0.05031032 0.9986872 -0.009630237 0.9999976 0.002215135 0 0.9999976 0.002215137 0 0.9999976 0.002214691 0 0.9999976 0.00221469 0 -0.02489741 -0.9996901 0 -0.02489742 -0.9996901 0 -0.02670493 -0.999267 -0.02742521 -0.0269387 -0.9991391 -0.03155048 -0.008743408 -0.9995546 -0.0285316 -0.004455004 -0.9995962 -0.02806488 0.01703943 -0.9998319 0.006768127 0.01726094 -0.9998131 0.008713691 0.0197674 -0.9998023 -0.002183919 0.0197674 -0.9998022 -0.002208971 0.9970157 0.07554337 0.01590567 0.9999958 -0.002885948 0 0.9999958 -0.002886129 0 0.9970592 0.07499031 0.01579131 0.9981335 -0.06055896 0.007888457 0.9981627 -0.060064 0.007974871 0.990113 -0.1381022 -0.024575 0.9903071 -0.1367571 -0.02427494 0.9999951 -0.002733963 0.001509185 0.9999951 -0.002734354 0.001509139  
			<BiTangents>: 65 0.009097553 -0.07499231 0.9971426 0.002299343 0.1789872 0.9838487 0.002553569 4.150355E-10 0.9999968 0.01147987 0.1828101 0.9830812 0.02041554 0.009519954 0.9997463 0.0510377 0.006535769 0.9986753 -0.002030941 -0.273239 0.961944 -0.001643624 -0.2383272 0.9711835 0.001718199 2.791983E-10 0.9999986 0.001356213 2.222828E-10 0.999999 0.005114533 -0.1466464 0.9891757 -3.759257E-05 -0.1140616 0.9934737 0.022933 -0.0511325 0.9984285 0.007005434 -0.007713148 0.9999457 -0.0001155196 0.1849706 0.982744 0.001276059 0.1679837 0.9857889 0.003513718 -0.1934336 0.9811071 0.00120225 -0.1136015 0.9935257 0.03867704 -0.08375138 0.9957358 0.04235519 -0.06421942 0.9970366 -0.01077823 -0.3365468 0.941605 0.004947284 0.2630025 0.9647825 0.003223084 0.1676757 0.9858369 -0.01924677 0.1930247 0.9810051 0.006842139 1.115185E-09 0.9999766 0.001092115 -0.03636239 0.9993381 0.0002921878 -4.243553E-06 1 0.0003102745 0.001241107 0.9999992 0.001151575 -0.03532363 0.9993753 0.001710549 0.004011301 0.9999905 0.001564449 0.004491598 0.9999887 0.0005492268 0.01809947 0.999836 0.0005615489 0.01681891 0.9998584 0.00332939 -0.02277182 0.9997351 0.003410762 -0.02258269 0.9997392 0.01786494 -0.008374183 0.9998053 0.01907312 -0.01248558 0.9997402 0.01214782 0.06840106 0.9975839 0.01101017 0.063945 0.9978927 0.0004535214 0.009094927 0.9999586 0.0004248613 0.009663848 0.9999533 0.002215135 -0.9999975 0 0.002215137 -0.9999975 0 0.002214691 -0.9999975 0 0.002214689 -0.9999975 0 0.0002215165 -5.516896E-06 1 0.0002215165 -5.516899E-06 1 0.005093161 -0.02757065 0.9996069 0.005627046 -0.031713 0.9994812 0.006211919 -0.02858643 0.999572 0.005089867 -0.02808746 0.9995925 -0.0002291164 0.006765205 0.9999771 -0.0002463199 0.008710736 0.999962 0.0001492097 -0.002181395 0.9999976 0.0001497049 -0.002206443 0.9999975 -0.07495783 0.9965844 -0.03465444 0.002880367 0.9980619 -0.06216206 0.002880547 0.9980619 -0.06216206 -0.07440562 0.9966196 -0.03482983 0.05966058 0.9945159 0.08590007 0.05916187 0.9945576 0.08576141 0.1402097 0.9795791 0.1441042 0.138834 0.979811 0.1438594 0.002537534 0.993059 0.1175898 0.002537928 0.993059 0.1175898  
			<SubMeshes>: 1
				<SubMesh>: 0 192 0 1 2 0 3 1 4 1 3 4 3 5 6 4 5 6 5 7 7 8 6 7 9 8 7 10 9 5 10 7 10 11 9 5 12 10 12 11 10 3 12 5 12 13 11 3 14 12 14 13 12 0 14 3 14 15 13 16 15 14 0 16 14 16 17 15 18 17 16 0 19 16 18 16 19 0 20 19 21 18 19 20 22 19 21 19 22 20 23 22 24 21 22 24 22 23 25 26 27 25 28 26 29 28 25 29 30 28 31 30 29 31 32 30 33 32 31 33 34 32 35 34 33 35 36 34 37 36 35 37 38 36 39 38 37 39 40 38 41 42 43 41 43 44 45 46 47 45 47 48 48 47 49 48 49 50 50 49 51 50 51 52 52 51 53 52 53 54 55 56 57 55 58 56 59 58 55 59 60 58 61 60 59 61 62 60 63 62 61 63 64 62  
		</Mesh>
		<Materials>: 1
			<Material>: 0
				<AlbedoColor>: 1 1 1 1
				<EmissiveColor>: 1 1 1 1
				<Glossiness>: 0.5
				<Metallic>: 0
				<SpecularHighlight>: 1
				<GlossyReflection>: 1
				<AlbedoMap>: Carpet_2_Diffuse
				<MetallicMap>: Carpet_2_Maskmap
				<NormalMap>: Carpet_2_Normal
				<EmissionMap>: null
				<DetailAlbedoMap>: null
				<DetailNormalMap>: null
		</Materials>
		<Children>: 0
	</Frame>
</Hierarchy>
