<Hierarchy>:
	<Frame>: 0 6 Drawer_2
		<Transform>: 0 0 0 0 0 0 1 1 1 0 0 0 1  
		<TransformMatrix>: 1 0 0 0 0 1 0 0 0 0 1 0 0 0 0 1  
		<Children>: 5
			<Frame>: 1 0 Drawer_2
				<Transform>: 0 0 0 0 0 0 1 1 1 0 0 0 1  
				<TransformMatrix>: 1 0 0 0 0 1 0 0 0 0 1 0 0 0 0 1  
				<Mesh>: 72 Drawer_2
					<Bounds>: -0.006697461 0.6519848 0.02483168 0.3125581 0.07323477 0.4251376
					<Positions>: 72 0.2881857 0.6014373 0.4389814 -0.3015805 0.6014373 0.4389814 -0.3015805 0.6014374 -0.4003059 0.2881857 0.6014374 -0.4003059 0.2643479 0.6155075 0.4151435 0.2643479 0.6155075 -0.376468 -0.2777427 0.6155075 -0.376468 -0.2777427 0.6155075 0.4151435 0.3058607 0.5787501 0.4499692 0.3058607 0.7252196 0.4499693 -0.3192556 0.7252196 0.4499693 -0.3192556 0.5787501 0.4499692 -0.3015805 0.6014373 0.4389814 -0.3015805 0.7198611 0.4389814 -0.3015805 0.7198613 -0.4003059 -0.3015805 0.6014374 -0.4003059 -0.3015805 0.6014374 -0.4003059 -0.3015805 0.7198613 -0.4003059 0.2881857 0.7198613 -0.4003059 0.2881857 0.6014374 -0.4003059 0.2881857 0.6014374 -0.4003059 0.2881857 0.7198613 -0.4003059 0.2881857 0.7198611 0.4389814 0.2881857 0.6014373 0.4389814 0.2643479 0.7198611 0.4151436 0.2643479 0.6155075 0.4151435 -0.2777427 0.6155075 0.4151435 -0.2777427 0.7198611 0.4151436 -0.2777427 0.7198611 0.4151436 -0.2777427 0.6155075 0.4151435 -0.2777427 0.6155075 -0.376468 -0.2777427 0.7198613 -0.376468 -0.2777427 0.7198613 -0.376468 -0.2777427 0.6155075 -0.376468 0.2643479 0.6155075 -0.376468 0.2643479 0.7198613 -0.376468 0.2643479 0.7198613 -0.376468 0.2643479 0.6155075 -0.376468 0.2643479 0.6155075 0.4151435 0.2643479 0.7198611 0.4151436 0.3058607 0.5787501 0.4389805 0.3058607 0.5787501 0.4499692 -0.3192556 0.5787501 0.4499692 -0.3192556 0.5787501 0.4389805 -0.3192556 0.5787501 0.4389805 -0.3192556 0.5787501 0.4499692 -0.3192556 0.7252196 0.4499693 -0.3192556 0.7252196 0.4389805 -0.3192556 0.7252196 0.4389805 -0.3192556 0.7252196 0.4499693 0.3058607 0.7252196 0.4499693 0.3058607 0.7252196 0.4389805 0.3058607 0.7252196 0.4389805 0.3058607 0.7252196 0.4499693 0.3058607 0.5787501 0.4499692 0.3058607 0.5787501 0.4389805 -0.3015805 0.7198611 0.4389814 0.3058607 0.7252196 0.4389805 0.2881857 0.7198611 0.4389814 -0.3192556 0.7252196 0.4389805 0.3058607 0.5787501 0.4389805 -0.3015805 0.6014373 0.4389814 0.2881857 0.6014373 0.4389814 -0.3192556 0.5787501 0.4389805 -0.3015805 0.7198613 -0.4003059 0.2643479 0.7198613 -0.376468 0.2881857 0.7198613 -0.4003059 -0.2777427 0.7198613 -0.376468 0.2643479 0.7198611 0.4151436 -0.3015805 0.7198611 0.4389814 0.2881857 0.7198611 0.4389814 -0.2777427 0.7198611 0.4151436  
					<Colors>: 0  
					<TextureCoords0>: 72 0.6229642 0.2497135 0.6229642 0.1580122 0.7011283 0.1580122 0.7011284 0.2497135 0.746767 0.5798082 0.6748362 0.5798081 0.6748362 0.4943401 0.746767 0.4943402 0.06003851 0.6264086 0.07904214 0.6264086 0.07904214 0.7219945 0.06003851 0.7219945 0.7185437 0.2441834 0.707848 0.2441834 0.707848 0.1660193 0.7185437 0.1660193 0.7987072 0.8580309 0.7880116 0.8580309 0.7880116 0.7663294 0.7987072 0.7663294 0.7297071 0.2441834 0.7190112 0.2441834 0.7190112 0.1660194 0.7297071 0.1660194 0.8021584 0.7914253 0.8110146 0.7914253 0.8110146 0.8768934 0.8021584 0.8768934 0.7394983 0.1722527 0.7483544 0.1722527 0.7483544 0.2441834 0.7394983 0.2441834 0.7832959 0.1642455 0.792152 0.1642455 0.792152 0.2497135 0.7832959 0.2497135 0.7301746 0.1722527 0.7390308 0.1722527 0.7390308 0.2441834 0.7301746 0.2441834 0.2881539 0.4976319 0.2895907 0.4976319 0.2895907 0.5939552 0.2881539 0.5939552 0.5568126 0.2475291 0.5568126 0.2489658 0.54245 0.2489658 0.54245 0.2475291 0.1466848 0.4619172 0.1466848 0.4604805 0.243008 0.4604804 0.243008 0.4619172 0.54245 0.2508699 0.54245 0.2494333 0.5568126 0.2494333 0.5568126 0.2508699 0.5215311 0.2407671 0.6155435 0.2400666 0.6132326 0.2407671 0.5192202 0.2400666 0.6155435 0.2544292 0.5215311 0.2514629 0.6132326 0.2514629 0.5192202 0.2544292 0.7031301 0.1580122 0.7062468 0.2465968 0.7031301 0.2497135 0.7062468 0.1611288 0.7781775 0.2465969 0.7812942 0.1580122 0.7812942 0.2497135 0.7781775 0.1611288  
					<TextureCoords1>: 72 0.05808577 0.4119737 0.05808581 0.6478999 0.3938287 0.6478999 0.3938287 0.4119737 0.7685855 0.4310456 0.4519145 0.4310456 0.4519145 0.6478999 0.7685854 0.6478999 0.3081532 0.1542264 0.308153 0.09563363 0.05808577 0.09563363 0.05808597 0.1542264 0.7876579 0.8364549 0.7876577 0.7890815 0.451915 0.7890813 0.4519149 0.8364549 0.6878407 0.2562813 0.6878405 0.2089078 0.4519145 0.2089078 0.4519146 0.2562813 0.7876579 0.9419142 0.7876577 0.8945407 0.4519149 0.8945407 0.4519149 0.9419142 0.7459265 0.2145364 0.7459266 0.2562813 0.9627808 0.2562813 0.9627807 0.2145364 0.05808579 0.2123122 0.05808577 0.2540571 0.3747569 0.2540571 0.3747567 0.2123121 0.4519145 0.109077 0.4519146 0.150822 0.6687688 0.150822 0.6687686 0.109077 0.0580858 0.3121429 0.05808577 0.3538879 0.3747569 0.3538879 0.3747567 0.312143 0.3081532 0.03754789 0.3081531 0.03315204 0.05808577 0.03315204 0.05808582 0.03754789 0.9043364 0.9419142 0.9043364 0.9375184 0.8457437 0.9375184 0.8457437 0.9419142 0.7019824 0.7309956 0.7019825 0.7265997 0.4519151 0.7265997 0.4519149 0.7309956 0.9043364 0.8364549 0.9043363 0.832059 0.8457437 0.8320591 0.8457437 0.8364549 0.6949112 0.3165107 0.4519145 0.3143671 0.4589851 0.3165107 0.7019818 0.3143671 0.4519145 0.3729598 0.6949111 0.3638842 0.4589851 0.3638842 0.7019818 0.3729598 0.05808729 0.9419127 0.06762172 0.7155236 0.05808577 0.7059878 0.06762317 0.9323768 0.384291 0.7155216 0.3938292 0.9419142 0.3938269 0.7059857 0.3842929 0.9323783  
					<Normals>: 72 0 -1 -1.420363E-07 0 -1 -1.420363E-07 0 -1 -1.420363E-07 0 -1 -1.420363E-07 0 1 1.505906E-07 0 1 1.505906E-07 0 1 1.505906E-07 0 1 1.505906E-07 0 -3.254931E-07 1 0 -3.254931E-07 1 0 -3.254931E-07 1 0 -3.254931E-07 1 -1 0 0 -1 0 0 -1 0 0 -1 0 0 -1.010649E-07 0 -1 -1.010649E-07 0 -1 -1.010649E-07 0 -1 -1.010649E-07 0 -1 1 0 0 1 0 0 1 0 0 1 0 0 0 2.63415E-07 -1 0 2.63415E-07 -1 0 2.63415E-07 -1 0 2.63415E-07 -1 1 0 0 1 0 0 1 0 0 1 0 0 0 0 1 0 0 1 0 0 1 0 0 1 -1 0 0 -1 0 0 -1 0 0 -1 0 0 0 -1 0 0 -1 0 0 -1 0 0 -1 0 -1 0 0 -1 0 0 -1 0 0 -1 0 0 0 1 0 0 1 0 0 1 0 0 1 0 1 0 0 1 0 0 1 0 0 1 0 0 1.930994E-05 -9.957617E-05 -1 -3.964488E-05 -3.088415E-05 -1 -1.931004E-05 -9.957614E-05 -1 3.964472E-05 -3.088406E-05 -1 -2.055641E-05 2.377588E-05 -1 2.567272E-05 1.946687E-05 -1 -2.567286E-05 1.946686E-05 -1 2.055636E-05 2.377583E-05 -1 -1.533156E-06 1 1.341575E-06 -1.533156E-06 1 1.341576E-06 -1.533155E-06 1 1.341578E-06 -1.533153E-06 1 1.341577E-06 -1.533156E-06 1 0 -1.533154E-06 1 0 -1.533154E-06 1 0 -1.533154E-06 1 0  
					<Tangents>: 72 0 0 -1 0 0 -1 0 0 -1 0 0 -1 0 0 1 0 0 1 0 0 1 0 0 1 0 1 0 0 1 0 0 1 0 0 1 0 0 -1 0 0 -1 0 0 -1 0 0 -1 0 0 -1 0 0 -1 0 0 -1 0 0 -1 0 0 -1 0 0 -1 0 0 -1 0 0 -1 0 0 -1 0 0 -1 0 0 -1 0 0 -1 0 0 -1 0 0 -1 0 0 -1 0 0 -1 0 0 -1 0 0 -1 0 0 -1 0 0 -1 0 0 -1 0 0 -1 0 0 -1 0 0 -1 0 0 0 1 0 0 1 0 0 1 0 0 1 0 -1 0 0 -1 0 0 -1 0 0 -1 0 1 0 0 1 0 0 1 0 0 1 0 0 0 -1 0 0 -1 0 0 -1 0 0 -1 0 0.9985774 0.0533231 0 0.9980562 -0.06232131 0 0.9985774 -0.05332349 0 0.9980562 0.06232102 0 0.9855955 0.1691199 0 0.9807401 -0.1953177 0 0.9807398 0.1953187 0 0.9855955 -0.16912 0 0.07575671 0 0.9971263 -0.07591597 0 0.9971142 -0.0788142 0 0.9968893 0.08446091 0 0.9964268 0.08445266 0 0.9964275 -0.0788227 0 0.9968887 0.07574879 0 0.9971269 -0.07592468 0 0.9971136  
					<BiTangents>: 72 -1 0 0 -1 0 0 -1 0 0 -1 0 0 -1 0 0 -1 0 0 -1 0 0 -1 0 0 1 0 0 1 0 0 1 0 0 1 0 0 0 0 -1 0 0 -1 0 0 -1 0 0 -1 1 0 -1.010649E-07 1 0 -1.010649E-07 1 0 -1.010649E-07 1 0 -1.010649E-07 0 0 1 0 0 1 0 0 1 0 0 1 1 0 0 1 0 0 1 0 0 1 0 0 0 0 1 0 0 1 0 0 1 0 0 1 -1 0 0 -1 0 0 -1 0 0 -1 0 0 0 0 -1 0 0 -1 0 0 -1 0 0 -1 1 0 0 1 0 0 1 0 0 1 0 0 0 0 -1 0 0 -1 0 0 -1 0 0 -1 0 0 1 0 0 1 0 0 1 0 0 1 0 0 1 0 0 1 0 0 1 0 0 1 -0.0533231 0.9985774 -0.0001004642 0.06232131 0.9980562 -3.329484E-05 0.05332348 0.9985772 -0.0001004641 -0.06232102 0.9980562 -3.329473E-05 -0.1691199 0.9855955 2.690989E-05 0.1953177 0.9807401 2.410628E-05 -0.1953187 0.9807398 2.410632E-05 0.16912 0.9855955 2.690985E-05 -0.9971263 -1.630384E-06 0.07575671 -0.9971142 -1.426885E-06 -0.07591598 -0.9968893 -1.42265E-06 -0.0788142 -0.9964268 -1.640986E-06 0.08446092 -0.9964275 -1.527679E-06 0.08445266 -0.9968887 -1.528384E-06 -0.0788227 -0.9971269 -1.52875E-06 0.07574879 -0.9971136 -1.528728E-06 -0.07592468  
					<SubMeshes>: 1
						<SubMesh>: 0 132 0 1 2 0 2 3 4 5 6 4 6 7 8 9 10 8 10 11 12 13 14 12 14 15 16 17 18 16 18 19 20 21 22 20 22 23 24 25 26 24 26 27 28 29 30 28 30 31 32 33 34 32 34 35 36 37 38 36 38 39 40 41 42 40 42 43 44 45 46 44 46 47 48 49 50 48 50 51 52 53 54 52 54 55 56 57 58 56 59 57 58 57 60 61 59 56 58 60 62 61 63 59 62 60 63 62 63 61 64 65 66 64 67 65 66 65 68 69 67 64 66 68 70 69 71 67 70 68 71 70 71 69  
				</Mesh>
				<Materials>: 1
					<Material>: 0
						<AlbedoColor>: 1 1 1 1
						<EmissiveColor>: 1 1 1 1
						<Glossiness>: 0.5
						<Metallic>: 0
						<SpecularHighlight>: 1
						<GlossyReflection>: 1
						<AlbedoMap>: Table_texture_set_1_Diffuse
						<MetallicMap>: Table_texture_set_1_Maskmap
						<NormalMap>: Table_texture_set_1_Normal
						<EmissionMap>: null
						<DetailAlbedoMap>: null
						<DetailNormalMap>: null
				</Materials>
				<Children>: 0
			</Frame>
			<Frame>: 2 0 Drawer_2.001
				<Transform>: 0 0 0 0 0 0 1 1 1 0 0 0 1  
				<TransformMatrix>: 1 0 0 0 0 1 0 0 0 0 1 0 0 0 0 1  
				<Mesh>: 72 Drawer_2.001
					<Bounds>: -0.008528516 0.4831758 0.0231227 0.3125581 0.07323481 0.4251376
					<Positions>: 72 0.2863546 0.4326282 0.4372724 -0.3034116 0.4326282 0.4372724 -0.3034116 0.4326284 -0.4020149 0.2863546 0.4326284 -0.4020149 0.2625168 0.4466984 0.4134346 0.2625168 0.4466985 -0.378177 -0.2795737 0.4466985 -0.378177 -0.2795737 0.4466984 0.4134346 0.3040296 0.409941 0.4482602 0.3040296 0.5564106 0.4482603 -0.3210866 0.5564106 0.4482603 -0.3210866 0.409941 0.4482602 -0.3034116 0.4326282 0.4372724 -0.3034116 0.5510521 0.4372724 -0.3034116 0.5510522 -0.4020149 -0.3034116 0.4326284 -0.4020149 -0.3034116 0.4326284 -0.4020149 -0.3034116 0.5510522 -0.4020149 0.2863546 0.5510522 -0.4020149 0.2863546 0.4326284 -0.4020149 0.2863546 0.4326284 -0.4020149 0.2863546 0.5510522 -0.4020149 0.2863546 0.5510521 0.4372724 0.2863546 0.4326282 0.4372724 0.2625168 0.5510521 0.4134346 0.2625168 0.4466984 0.4134346 -0.2795737 0.4466984 0.4134346 -0.2795737 0.5510521 0.4134346 -0.2795737 0.5510521 0.4134346 -0.2795737 0.4466984 0.4134346 -0.2795737 0.4466985 -0.378177 -0.2795737 0.5510522 -0.378177 -0.2795737 0.5510522 -0.378177 -0.2795737 0.4466985 -0.378177 0.2625168 0.4466985 -0.378177 0.2625168 0.5510522 -0.378177 0.2625168 0.5510522 -0.378177 0.2625168 0.4466985 -0.378177 0.2625168 0.4466984 0.4134346 0.2625168 0.5510521 0.4134346 0.3040296 0.409941 0.4372716 0.3040296 0.409941 0.4482602 -0.3210866 0.409941 0.4482602 -0.3210866 0.409941 0.4372716 -0.3210866 0.409941 0.4372716 -0.3210866 0.409941 0.4482602 -0.3210866 0.5564106 0.4482603 -0.3210866 0.5564106 0.4372716 -0.3210866 0.5564106 0.4372716 -0.3210866 0.5564106 0.4482603 0.3040296 0.5564106 0.4482603 0.3040296 0.5564106 0.4372716 0.3040296 0.5564106 0.4372716 0.3040296 0.5564106 0.4482603 0.3040296 0.409941 0.4482602 0.3040296 0.409941 0.4372716 -0.3034116 0.5510521 0.4372724 0.3040296 0.5564106 0.4372716 0.2863546 0.5510521 0.4372724 -0.3210866 0.5564106 0.4372716 0.3040296 0.409941 0.4372716 -0.3034116 0.4326282 0.4372724 0.2863546 0.4326282 0.4372724 -0.3210866 0.409941 0.4372716 -0.3034116 0.5510522 -0.4020149 0.2625168 0.5510522 -0.378177 0.2863546 0.5510522 -0.4020149 -0.2795737 0.5510522 -0.378177 0.2625168 0.5510521 0.4134346 -0.3034116 0.5510521 0.4372724 0.2863546 0.5510521 0.4372724 -0.2795737 0.5510521 0.4134346  
					<Colors>: 0  
					<TextureCoords0>: 72 0.6229642 0.2497135 0.6229642 0.1580122 0.7011283 0.1580122 0.7011284 0.2497135 0.746767 0.5798082 0.6748362 0.5798081 0.6748362 0.4943401 0.746767 0.4943402 0.2048978 0.645424 0.2239609 0.645424 0.2239609 0.7413095 0.2048978 0.7413095 0.7185437 0.2441834 0.707848 0.2441834 0.707848 0.1660193 0.7185437 0.1660193 0.7987072 0.8580309 0.7880116 0.8580309 0.7880116 0.7663294 0.7987072 0.7663294 0.7297071 0.2441834 0.7190112 0.2441834 0.7190112 0.1660194 0.7297071 0.1660194 0.8021584 0.7914253 0.8110146 0.7914253 0.8110146 0.8768934 0.8021584 0.8768934 0.7394983 0.1722527 0.7483544 0.1722527 0.7483544 0.2441834 0.7394983 0.2441834 0.7832959 0.1642455 0.792152 0.1642455 0.792152 0.2497135 0.7832959 0.2497135 0.7301746 0.1722527 0.7390308 0.1722527 0.7390308 0.2441834 0.7301746 0.2441834 0.2881539 0.4976319 0.2895907 0.4976319 0.2895907 0.5939552 0.2881539 0.5939552 0.5568126 0.2475291 0.5568126 0.2489658 0.54245 0.2489658 0.54245 0.2475291 0.1466848 0.4619172 0.1466848 0.4604805 0.243008 0.4604804 0.243008 0.4619172 0.54245 0.2508699 0.54245 0.2494333 0.5568126 0.2494333 0.5568126 0.2508699 0.5215311 0.2407671 0.6155435 0.2400666 0.6132326 0.2407671 0.5192202 0.2400666 0.6155435 0.2544292 0.5215311 0.2514629 0.6132326 0.2514629 0.5192202 0.2544292 0.7031301 0.1580122 0.7062468 0.2465968 0.7031301 0.2497135 0.7062468 0.1611288 0.7781775 0.2465969 0.7812942 0.1580122 0.7812942 0.2497135 0.7781775 0.1611288  
					<TextureCoords1>: 72 0.05808577 0.4119738 0.05808581 0.6478999 0.3938287 0.6478999 0.3938287 0.4119738 0.7685855 0.4310456 0.4519145 0.4310456 0.4519145 0.6478999 0.7685854 0.6478999 0.3081532 0.1542264 0.308153 0.09563357 0.05808577 0.09563357 0.05808597 0.1542264 0.7876579 0.8364549 0.7876576 0.7890814 0.4519149 0.7890813 0.4519149 0.8364548 0.6878407 0.2562813 0.6878405 0.2089078 0.4519145 0.2089078 0.4519146 0.2562813 0.7876579 0.9419141 0.7876576 0.8945407 0.4519149 0.8945407 0.4519149 0.9419142 0.4519145 0.1090771 0.4519146 0.150822 0.6687688 0.150822 0.6687686 0.1090771 0.05808579 0.2123122 0.05808577 0.2540572 0.3747569 0.2540571 0.3747566 0.2123121 0.7459264 0.2145364 0.7459266 0.2562813 0.9627808 0.2562813 0.9627807 0.2145364 0.0580858 0.3121429 0.05808577 0.3538879 0.3747569 0.353888 0.3747567 0.312143 0.3081532 0.03754783 0.3081531 0.03315198 0.05808577 0.03315198 0.05808582 0.03754783 0.9043364 0.9419142 0.9043364 0.9375184 0.8457437 0.9375184 0.8457437 0.9419142 0.7019823 0.7309955 0.7019824 0.7265997 0.451915 0.7265997 0.4519149 0.7309955 0.9043363 0.8364549 0.9043363 0.832059 0.8457436 0.8320591 0.8457437 0.8364549 0.6949112 0.3165107 0.4519145 0.3143671 0.458985 0.3165107 0.7019818 0.3143671 0.4519145 0.3729599 0.6949111 0.3638842 0.458985 0.3638842 0.7019818 0.3729599 0.05808726 0.9419128 0.06762174 0.7155236 0.05808577 0.7059878 0.06762317 0.9323769 0.3842909 0.7155217 0.3938291 0.9419142 0.3938268 0.7059857 0.3842928 0.9323783  
					<Normals>: 72 0 -1 -1.775454E-07 0 -1 -1.775454E-07 0 -1 -1.775454E-07 0 -1 -1.775454E-07 0 1 1.882383E-07 0 1 1.882383E-07 0 1 1.882383E-07 0 1 1.882383E-07 0 0 1 0 0 1 0 0 1 0 0 1 -1 0 0 -1 0 0 -1 0 0 -1 0 0 -1.010649E-07 0 -1 -1.010649E-07 0 -1 -1.010649E-07 0 -1 -1.010649E-07 0 -1 1 0 0 1 0 0 1 0 0 1 0 0 0 2.63415E-07 -1 0 2.63415E-07 -1 0 2.63415E-07 -1 0 2.63415E-07 -1 1 0 0 1 0 0 1 0 0 1 0 0 0 0 1 0 0 1 0 0 1 0 0 1 -1 0 0 -1 0 0 -1 0 0 -1 0 0 0 -1 0 0 -1 0 0 -1 0 0 -1 0 -1 0 0 -1 0 0 -1 0 0 -1 0 0 0 1 0 0 1 0 0 1 0 0 1 0 1 0 0 1 0 0 1 0 0 1 0 0 1.930995E-05 -0.0001106402 -1 -3.964484E-05 -3.431572E-05 -1 -1.931002E-05 -0.0001106401 -1 3.964474E-05 -3.431562E-05 -1 -2.055638E-05 2.377588E-05 -1 2.567273E-05 1.946687E-05 -1 -2.567283E-05 1.946686E-05 -1 2.055637E-05 2.377583E-05 -1 -8.010957E-07 1 0 0 1 0 0 1 0 -8.010941E-07 1 0 0 1 0 -7.665769E-07 1 0 0 1 0 -7.665769E-07 1 0  
					<Tangents>: 72 0 0 -1 0 0 -1 0 0 -1 0 0 -1 0 0 1 0 0 1 0 0 1 0 0 1 0 1 0 0 1 0 0 1 0 0 1 0 0 -1 0 0 -1 0 0 -1 0 0 -1 0 0 -1 0 0 -1 0 0 -1 0 0 -1 0 0 -1 0 0 -1 0 0 -1 0 0 -1 0 0 -1 0 0 -1 0 0 -1 0 0 -1 0 0 -1 0 0 -1 0 0 -1 0 0 -1 0 0 -1 0 0 -1 0 0 -1 0 0 -1 0 0 -1 0 0 -1 0 0 -1 0 0 -1 0 0 0 1 0 0 1 0 0 1 0 0 1 0 -1 0 0 -1 0 0 -1 0 0 -1 0 1 0 0 1 0 0 1 0 0 1 0 0 0 -1 0 0 -1 0 0 -1 0 0 -1 0 0.9985774 0.0533234 0 0.9980562 -0.06232116 0 0.9985774 -0.05332353 0 0.9980562 0.06232143 0 0.9855955 0.1691199 0 0.9807401 -0.1953178 0 0.9807398 0.1953186 0 0.9855955 -0.1691202 0 0.07575671 0 0.9971263 -0.07591597 0 0.9971142 -0.0788142 0 0.9968893 0.08446091 0 0.9964268 0.08445266 0 0.9964275 -0.0788227 0 0.9968887 0.07574879 0 0.9971269 -0.07592468 0 0.9971136  
					<BiTangents>: 72 -1 0 0 -1 0 0 -1 0 0 -1 0 0 -1 0 0 -1 0 0 -1 0 0 -1 0 0 1 0 0 1 0 0 1 0 0 1 0 0 0 0 -1 0 0 -1 0 0 -1 0 0 -1 1 0 -1.010649E-07 1 0 -1.010649E-07 1 0 -1.010649E-07 1 0 -1.010649E-07 0 0 1 0 0 1 0 0 1 0 0 1 1 0 0 1 0 0 1 0 0 1 0 0 0 0 1 0 0 1 0 0 1 0 0 1 -1 0 0 -1 0 0 -1 0 0 -1 0 0 0 0 -1 0 0 -1 0 0 -1 0 0 -1 1 0 0 1 0 0 1 0 0 1 0 0 0 0 -1 0 0 -1 0 0 -1 0 0 -1 0 0 1 0 0 1 0 0 1 0 0 1 0 0 1 0 0 1 0 0 1 0 0 1 -0.05332339 0.9985772 -0.0001115124 0.06232116 0.9980562 -3.671973E-05 0.05332353 0.9985772 -0.0001115124 -0.06232143 0.9980562 -3.671964E-05 -0.1691199 0.9855955 2.690989E-05 0.1953178 0.98074 2.410628E-05 -0.1953186 0.9807398 2.410631E-05 0.1691202 0.9855955 2.690985E-05 -0.9971263 -7.987936E-07 0.07575671 -0.9971142 0 -0.07591598 -0.9968893 0 -0.0788142 -0.9964268 -7.982317E-07 0.08446092 -0.9964275 0 0.08445266 -0.9968887 -7.641919E-07 -0.0788227 -0.9971269 0 0.07574879 -0.9971136 -7.643642E-07 -0.07592468  
					<SubMeshes>: 1
						<SubMesh>: 0 132 0 1 2 0 2 3 4 5 6 4 6 7 8 9 10 8 10 11 12 13 14 12 14 15 16 17 18 16 18 19 20 21 22 20 22 23 24 25 26 24 26 27 28 29 30 28 30 31 32 33 34 32 34 35 36 37 38 36 38 39 40 41 42 40 42 43 44 45 46 44 46 47 48 49 50 48 50 51 52 53 54 52 54 55 56 57 58 56 59 57 58 57 60 61 59 56 58 60 62 61 63 59 62 60 63 62 63 61 64 65 66 64 67 65 66 65 68 69 67 64 66 68 70 69 71 67 70 68 71 70 71 69  
				</Mesh>
				<Materials>: 1
					<Material>: 0
						<AlbedoColor>: 1 1 1 1
						<EmissiveColor>: 1 1 1 1
						<Glossiness>: 0.5
						<Metallic>: 0
						<SpecularHighlight>: 1
						<GlossyReflection>: 1
						<AlbedoMap>: @Table_texture_set_1_Diffuse
						<MetallicMap>: @Table_texture_set_1_Maskmap
						<NormalMap>: @Table_texture_set_1_Normal
						<EmissionMap>: null
						<DetailAlbedoMap>: null
						<DetailNormalMap>: null
				</Materials>
				<Children>: 0
			</Frame>
			<Frame>: 3 0 Drawer_2.002
				<Transform>: 0 0 0 0 0 0 1 1 1 0 0 0 1  
				<TransformMatrix>: 1 0 0 0 0 1 0 0 0 0 1 0 0 0 0 1  
				<Mesh>: 72 Drawer_2.002
					<Bounds>: -0.006697461 0.2089396 0.02501099 0.3125581 0.1849022 0.4251376
					<Positions>: 72 0.2881857 0.04672466 0.4391607 -0.3015805 0.04672466 0.4391607 -0.3015805 0.0467248 -0.4001266 0.2881857 0.0467248 -0.4001266 0.2643479 0.06079482 0.4153228 0.2643479 0.06079494 -0.3762887 -0.2777427 0.06079494 -0.3762887 -0.2777427 0.06079482 0.4153228 0.3058607 0.02403739 0.4501485 0.3058607 0.3938418 0.4501486 -0.3192556 0.3938418 0.4501486 -0.3192556 0.0240374 0.4501485 -0.3015805 0.04672466 0.4391607 -0.3015805 0.3884832 0.4391608 -0.3015805 0.3884834 -0.4001265 -0.3015805 0.0467248 -0.4001266 -0.3015805 0.0467248 -0.4001266 -0.3015805 0.3884834 -0.4001265 0.2881857 0.3884834 -0.4001266 0.2881857 0.0467248 -0.4001266 0.2881857 0.0467248 -0.4001266 0.2881857 0.3884834 -0.4001266 0.2881857 0.3884832 0.4391608 0.2881857 0.04672466 0.4391607 0.2643479 0.3884832 0.4153229 0.2643479 0.06079482 0.4153228 -0.2777427 0.06079482 0.4153228 -0.2777427 0.3884832 0.4153229 -0.2777427 0.3884832 0.4153229 -0.2777427 0.06079482 0.4153228 -0.2777427 0.06079494 -0.3762887 -0.2777427 0.3884834 -0.3762887 -0.2777427 0.3884834 -0.3762887 -0.2777427 0.06079494 -0.3762887 0.2643479 0.06079494 -0.3762887 0.2643479 0.3884834 -0.3762887 0.2643479 0.3884834 -0.3762887 0.2643479 0.06079494 -0.3762887 0.2643479 0.06079482 0.4153228 0.2643479 0.3884832 0.4153229 0.3058607 0.02403739 0.4391598 0.3058607 0.02403739 0.4501485 -0.3192556 0.0240374 0.4501485 -0.3192556 0.0240374 0.4391598 -0.3192556 0.0240374 0.4391598 -0.3192556 0.0240374 0.4501485 -0.3192556 0.3938418 0.4501486 -0.3192556 0.3938418 0.4391599 -0.3192556 0.3938418 0.4391599 -0.3192556 0.3938418 0.4501486 0.3058607 0.3938418 0.4501486 0.3058607 0.3938418 0.4391599 0.3058607 0.3938418 0.4391599 0.3058607 0.3938418 0.4501486 0.3058607 0.02403739 0.4501485 0.3058607 0.02403739 0.4391598 -0.3015805 0.3884832 0.4391608 0.3058607 0.3938418 0.4391599 0.2881857 0.3884832 0.4391608 -0.3192556 0.3938418 0.4391599 0.3058607 0.02403739 0.4391598 -0.3015805 0.04672466 0.4391607 0.2881857 0.04672466 0.4391607 -0.3192556 0.0240374 0.4391598 -0.3015805 0.3884834 -0.4001265 0.2643479 0.3884834 -0.3762887 0.2881857 0.3884834 -0.4001266 -0.2777427 0.3884834 -0.3762887 0.2643479 0.3884832 0.4153229 -0.3015805 0.3884832 0.4391608 0.2881857 0.3884832 0.4391608 -0.2777427 0.3884832 0.4153229  
					<Colors>: 0  
					<TextureCoords0>: 72 0.6229642 0.2497135 0.6229642 0.1580122 0.7011283 0.1580122 0.7011284 0.2497135 0.746767 0.5798082 0.6748362 0.5798081 0.6748362 0.4943401 0.746767 0.4943402 0.0482912 0.6891911 0.09640891 0.6891911 0.09640891 0.7850516 0.0482912 0.7850516 0.7185437 0.2441834 0.707848 0.2441834 0.707848 0.1660193 0.7185437 0.1660193 0.7987072 0.8580309 0.7880116 0.8580309 0.7880116 0.7663294 0.7987072 0.7663294 0.7297071 0.2441834 0.7190112 0.2441834 0.7190112 0.1660194 0.7297071 0.1660194 0.8021584 0.7914253 0.8110146 0.7914253 0.8110146 0.8768934 0.8021584 0.8768934 0.7394983 0.1722527 0.7483544 0.1722527 0.7483544 0.2441834 0.7394983 0.2441834 0.7832959 0.1642455 0.792152 0.1642455 0.792152 0.2497135 0.7832959 0.2497135 0.7301746 0.1722527 0.7390308 0.1722527 0.7390308 0.2441834 0.7301746 0.2441834 0.2881539 0.4976319 0.2895907 0.4976319 0.2895907 0.5939552 0.2881539 0.5939552 0.5568126 0.2475291 0.5568126 0.2489658 0.54245 0.2489658 0.54245 0.2475291 0.1466848 0.4619172 0.1466848 0.4604805 0.243008 0.4604804 0.243008 0.4619172 0.54245 0.2508699 0.54245 0.2494333 0.5568126 0.2494333 0.5568126 0.2508699 0.5215311 0.2407671 0.6155435 0.2400666 0.6132326 0.2407671 0.5192202 0.2400666 0.6155435 0.2544292 0.5215311 0.2514629 0.6132326 0.2514629 0.5192202 0.2544292 0.7031301 0.1580122 0.7062468 0.2465968 0.7031301 0.2497135 0.7062468 0.1611288 0.7781775 0.2465969 0.7812942 0.1580122 0.7812942 0.2497135 0.7781775 0.1611288  
					<TextureCoords1>: 72 0.04387602 0.2988239 0.04387605 0.5196235 0.3580926 0.5196235 0.3580926 0.2988239 0.6983362 0.3219407 0.4019687 0.3219407 0.4019687 0.5248913 0.6983361 0.5248913 0.9762464 0.5248913 0.9762463 0.386442 0.7422122 0.386442 0.7422123 0.5248913 0.3580926 0.691449 0.3580925 0.5634997 0.04387607 0.5634995 0.04387602 0.6914488 0.9006784 0.2780647 0.9006783 0.1501154 0.6798788 0.1501154 0.6798788 0.2780647 0.7161868 0.9561239 0.7161865 0.8281746 0.4019701 0.8281747 0.4019701 0.956124 0.7600628 0.8334423 0.7600629 0.956124 0.9630134 0.956124 0.9630133 0.8334423 0.04387602 0.1322662 0.04387628 0.2549478 0.3402437 0.2549478 0.3402434 0.1322661 0.7422122 0.5687673 0.7422122 0.691449 0.9451628 0.691449 0.9451627 0.5687673 0.4019687 0.5687673 0.4019687 0.6914489 0.6983361 0.691449 0.6983362 0.5687673 0.2779102 0.08839011 0.2779101 0.08427608 0.04387602 0.08427608 0.04387606 0.08839011 0.8985121 0.7895663 0.8985121 0.7854523 0.7600629 0.7854522 0.7600628 0.7895663 0.6360043 0.7842986 0.6360044 0.7801846 0.4019703 0.7801846 0.4019701 0.7842986 0.8985121 0.7415763 0.8985121 0.7374623 0.7600629 0.7374623 0.7600628 0.7415763 0.6293855 0.1416216 0.4019687 0.1396155 0.4085859 0.1416216 0.6360027 0.1396155 0.4019687 0.2780647 0.6293854 0.2695709 0.4085859 0.2695709 0.6360027 0.2780647 0.04387602 0.9561239 0.05280062 0.7442496 0.04387608 0.735325 0.05280051 0.9471995 0.3491695 0.7442499 0.3580918 0.956124 0.3580941 0.7353253 0.3491673 0.9471995  
					<Normals>: 72 0 -1 -1.642295E-07 0 -1 -1.642295E-07 0 -1 -1.642295E-07 0 -1 -1.642295E-07 0 1 1.647085E-07 0 1 1.647085E-07 0 1 1.647085E-07 0 1 1.647085E-07 0 -1.289191E-07 1 0 -1.289191E-07 1 0 -1.289191E-07 1 0 -1.289191E-07 1 -1 0 0 -1 0 0 -1 0 0 -1 0 0 -1.010649E-07 1.4786E-07 -1 -1.010649E-07 1.4786E-07 -1 -1.010649E-07 1.4786E-07 -1 -1.010649E-07 1.4786E-07 -1 1 0 0 1 0 0 1 0 0 1 0 0 0 1.677711E-07 -1 0 1.677711E-07 -1 0 1.677711E-07 -1 0 1.677711E-07 -1 1 0 0 1 0 0 1 0 0 1 0 0 0 -1.677711E-07 1 0 -1.677711E-07 1 0 -1.677711E-07 1 0 -1.677711E-07 1 -1 0 0 -1 0 0 -1 0 0 -1 0 0 0 -1 -3.390104E-07 0 -1 -3.390104E-07 0 -1 -3.390104E-07 0 -1 -3.390104E-07 -1 0 0 -1 0 0 -1 0 0 -1 0 0 0 1 0 0 1 0 0 1 0 0 1 0 1 0 0 1 0 0 1 0 0 1 0 0 1.932114E-05 -0.0001050189 -1 -3.966767E-05 -3.247955E-05 -1 -1.932121E-05 -0.0001050482 -1 3.966756E-05 -3.24193E-05 -1 -2.056827E-05 2.383828E-05 -1 2.568757E-05 1.958377E-05 -1 -2.568768E-05 1.954479E-05 -1 2.056825E-05 2.386943E-05 -1 -7.665781E-07 1 0 7.66578E-07 1 0 7.665774E-07 1 0 -7.665765E-07 1 0 7.665782E-07 1 0 -7.66577E-07 1 0 7.665774E-07 1 0 -7.665769E-07 1 0  
					<Tangents>: 72 0 0 -1 0 0 -1 0 0 -1 0 0 -1 0 0 1 0 0 1 0 0 1 0 0 1 0 1 0 0 1 0 0 1 0 0 1 0 0 -1 0 0 -1 0 0 -1 0 0 -1 0 0 -1 0 0 -1 0 0 -1 0 0 -1 0 0 -1 0 0 -1 0 0 -1 0 0 -1 0 0 -1 0 0 -1 0 0 -1 0 0 -1 0 0 -1 0 0 -1 0 0 -1 0 0 -1 0 0 -1 0 0 -1 0 0 -1 0 0 -1 0 0 -1 0 0 -1 0 0 -1 0 0 -1 0 0 0 1 0 0 1 0 0 1 0 0 1 0 -1 0 0 -1 0 0 -1 0 0 -1 0 1 0 0 1 0 0 1 0 0 1 0 0 0 -1 0 0 -1 0 0 -1 0 0 -1 0 0.9554872 0.2950327 0 0.8299226 -0.5578786 0 0.9554868 -0.2950341 0 0.8299224 0.5578789 0 0.8712553 0.4908302 0 0.7999785 -0.6000287 0 0.7999775 0.60003 0 0.871254 -0.4908324 0 0.07575668 0 0.9971263 -0.07591611 0 0.9971142 -0.07881425 0 0.9968893 0.08446091 0 0.9964268 0.08445266 0 0.9964275 -0.0788227 0 0.9968887 0.07574879 0 0.9971269 -0.07592468 0 0.9971136  
					<BiTangents>: 72 -1 0 0 -1 0 0 -1 0 0 -1 0 0 -1 0 0 -1 0 0 -1 0 0 -1 0 0 1 0 0 1 0 0 1 0 0 1 0 0 0 0 -1 0 0 -1 0 0 -1 0 0 -1 1 0 -1.010649E-07 1 0 -1.010649E-07 1 0 -1.010649E-07 1 0 -1.010649E-07 0 0 1 0 0 1 0 0 1 0 0 1 1 0 0 1 0 0 1 0 0 1 0 0 0 0 1 0 0 1 0 0 1 0 0 1 -1 0 0 -1 0 0 -1 0 0 -1 0 0 0 0 -1 0 0 -1 0 0 -1 0 0 -1 1 0 0 1 0 0 1 0 0 1 0 0 0 0 -1 0 0 -1 0 0 -1 0 0 -1 0 0 1 0 0 1 0 0 1 0 0 1 0 0 1 0 0 1 0 0 1 0 0 1 -0.2950327 0.9554872 -0.0001060446 0.5578786 0.8299226 -4.908525E-05 0.2950341 0.9554868 -0.0001060726 -0.5578789 0.8299224 -4.90352E-05 -0.4908302 0.8712553 3.086476E-05 0.6000287 0.7999785 3.107988E-05 -0.60003 0.7999775 3.104877E-05 0.4908324 0.871254 3.08919E-05 -0.9971263 -7.643752E-07 0.07575669 -0.9971142 7.643658E-07 -0.07591611 -0.9968893 7.641928E-07 -0.07881425 -0.9964268 -7.638374E-07 0.08446092 -0.9964275 7.638396E-07 0.08445266 -0.9968887 -7.64192E-07 -0.0788227 -0.9971269 7.64375E-07 0.07574879 -0.9971136 -7.643642E-07 -0.07592468  
					<SubMeshes>: 1
						<SubMesh>: 0 132 0 1 2 0 2 3 4 5 6 4 6 7 8 9 10 8 10 11 12 13 14 12 14 15 16 17 18 16 18 19 20 21 22 20 22 23 24 25 26 24 26 27 28 29 30 28 30 31 32 33 34 32 34 35 36 37 38 36 38 39 40 41 42 40 42 43 44 45 46 44 46 47 48 49 50 48 50 51 52 53 54 52 54 55 56 57 58 56 59 57 58 57 60 61 59 56 58 60 62 61 63 59 62 60 63 62 63 61 64 65 66 64 67 65 66 65 68 69 67 64 66 68 70 69 71 67 70 68 71 70 71 69  
				</Mesh>
				<Materials>: 1
					<Material>: 0
						<AlbedoColor>: 1 1 1 1
						<EmissiveColor>: 1 1 1 1
						<Glossiness>: 0.5
						<Metallic>: 0
						<SpecularHighlight>: 1
						<GlossyReflection>: 1
						<AlbedoMap>: @Table_texture_set_1_Diffuse
						<MetallicMap>: @Table_texture_set_1_Maskmap
						<NormalMap>: @Table_texture_set_1_Normal
						<EmissionMap>: null
						<DetailAlbedoMap>: null
						<DetailNormalMap>: null
				</Materials>
				<Children>: 0
			</Frame>
			<Frame>: 4 0 Drawer_2.003
				<Transform>: 0 0 0 0 0 0 1 1 1 0 0 0 1  
				<TransformMatrix>: 1 0 0 0 0 1 0 0 0 0 1 0 0 0 0 1  
				<Mesh>: 291 Drawer_2.003
					<Bounds>: -0.001634762 0.4723963 -0.006175846 0.3519138 0.4744934 0.445885
					<Positions>: 291 -0.3535483 0.9222051 -0.4020608 -0.3535485 -0.001127779 -0.4020607 0.3502788 -0.001127779 -0.4020607 0.3441476 0.9293059 -0.4020608 -0.3474169 0.9283438 -0.4020608 0.350279 0.9231817 -0.4020608 0.3502788 -0.001127779 -0.4020607 -0.3474169 0.9283438 -0.4020608 -0.3535483 0.9222051 -0.4020608 0.3441474 0.9231817 0.4397091 0.3502788 0.9231817 0.4335777 0.3441474 0.9293131 0.4335777 -0.3535483 0.9222051 -0.4459294 -0.3474171 0.9284001 -0.4459298 -0.3474169 0.9222051 -0.4520608 0.3502788 -0.001127779 0.4335777 0.3502788 0.9231817 0.4335777 0.3441474 0.9231817 0.4397091 0.3502788 -0.001127779 0.4335777 0.3441474 0.9231817 0.4397091 0.3441474 -0.001127779 0.4397091 0.3002788 0.9231817 0.4397091 0.3441474 0.9231817 0.4397091 0.3441474 0.9293131 0.4335777 0.3002788 0.9231817 0.4397091 0.3441474 0.9293131 0.4335777 0.3002788 0.9293131 0.4335777 -0.3474163 0.923182 0.4397092 -0.3474163 0.9293134 0.4335777 -0.3535477 0.923182 0.4335777 -0.3535483 -0.001127422 0.4335777 -0.3474168 -0.001127422 0.4397092 -0.3474163 0.923182 0.4397092 -0.3535483 -0.001127422 0.4335777 -0.3474163 0.923182 0.4397092 -0.3535477 0.923182 0.4335777 -0.3035477 0.923182 0.4397091 -0.3035477 0.9293134 0.4335777 -0.3474163 0.9293134 0.4335777 -0.3035477 0.923182 0.4397091 -0.3474163 0.9293134 0.4335777 -0.3474163 0.923182 0.4397092 0.3502788 0.9231817 0.4335777 0.3502788 -0.001127779 0.4335777 0.3502788 -0.001127779 -0.4020607 0.3502788 0.9231817 -0.4020607 0.3002788 0.9293131 -0.4020607 0.3002788 -0.001127779 -0.4020607 0.3002788 -0.001127779 0.4397091 0.3002788 0.9231817 0.4397091 0.3002788 0.9293131 0.4335777 0.3441474 0.9231817 0.4397091 0.3002788 0.9231817 0.4397091 0.3002788 -0.001127779 0.4397091 0.3441474 -0.001127779 0.4397091 0.3002788 -0.001127779 0.4397091 0.3002788 -0.001127779 -0.4020607 0.3502788 -0.001127779 -0.4020607 0.3502788 -0.001127779 0.4335777 0.3441474 -0.001127779 0.4397091 0.3502788 -0.001127779 -0.4020607 0.3002788 -0.001127779 -0.4020607 0.3002788 0.9293131 -0.4020607 0.3441474 0.9293131 -0.4020607 0.3502788 0.9231817 -0.4020607 0.3441474 0.9293131 -0.4020607 0.3002788 0.9293131 -0.4020607 0.3002788 0.9293131 0.4335777 0.3441474 0.9293131 0.4335777 -0.3474169 0.9222051 -0.4520608 0.3502789 0.9222051 -0.4520608 0.3502788 -0.001127779 -0.4520606 -0.3474171 -0.00209707 -0.4520606 -0.3535483 0.9222051 -0.4020608 -0.3535483 0.9222051 -0.4459294 -0.3535485 -0.001984656 -0.4459304 -0.3535485 -0.001127779 -0.4020607 -0.3535485 -0.001984656 -0.4459304 -0.3474171 -0.00209707 -0.4520606 0.3502788 -0.001127779 -0.4520606 0.3502788 -0.001127779 -0.4020607 -0.3535485 -0.001127779 -0.4020607 0.3502788 -0.001127779 -0.4020607 0.3502788 -0.001127779 -0.4520606 0.3502789 0.9222051 -0.4520608 0.350279 0.9231817 -0.4020608 0.3441476 0.9293059 -0.4020608 0.3441477 0.9283928 -0.4459297 -0.3474171 0.9284001 -0.4459298 -0.3474169 0.9283438 -0.4020608 0.3002779 0.8793132 0.4397089 -0.3035482 0.8793133 0.4397089 -0.3035482 0.8793133 -0.4020609 0.3002779 0.8793132 -0.4020609 0.3002779 0.921989 0.4335774 0.3002778 0.921989 -0.4020609 -0.3035482 0.9219891 -0.4020609 -0.3035482 0.9219891 0.4335774 0.3002779 0.8793132 0.4397089 0.3002779 0.9158574 0.4397089 -0.3035482 0.9158577 0.4397089 -0.3035482 0.8793133 0.4397089 -0.3035482 0.9219891 -0.4020609 -0.3035482 0.8793133 -0.4020609 -0.3035482 0.8793133 0.4397089 -0.3035482 0.9158577 0.4397089 -0.3035482 0.9219891 0.4335774 -0.3035482 0.8793133 -0.4020609 -0.3035482 0.9219891 -0.4020609 0.3002778 0.921989 -0.4020609 0.3002779 0.8793132 -0.4020609 0.3002779 0.9158574 0.4397089 0.3002779 0.8793132 0.4397089 0.3002779 0.8793132 -0.4020609 0.3002778 0.921989 -0.4020609 0.3002779 0.921989 0.4335774 0.3002777 -0.001128614 0.4397089 -0.3035484 -0.001128495 0.4397089 -0.3035484 -0.001128495 -0.4020609 0.3002777 -0.001128614 -0.4020609 0.3002777 0.04887133 0.4397089 0.3002777 0.04887133 -0.4020609 -0.3035484 0.04887152 -0.4020609 -0.3035484 0.04887152 0.4397089 0.3002777 -0.001128614 0.4397089 0.3002777 0.04887133 0.4397089 -0.3035484 0.04887152 0.4397089 -0.3035484 -0.001128495 0.4397089 -0.3035484 -0.001128495 0.4397089 -0.3035484 0.04887152 0.4397089 -0.3035484 0.04887152 -0.4020609 -0.3035484 -0.001128495 -0.4020609 -0.3035484 -0.001128495 -0.4020609 -0.3035484 0.04887152 -0.4020609 0.3002777 0.04887133 -0.4020609 0.3002777 -0.001128614 -0.4020609 0.3002777 -0.001128614 -0.4020609 0.3002777 0.04887133 -0.4020609 0.3002777 0.04887133 0.4397089 0.3002777 -0.001128614 0.4397089 0.3502788 0.9231817 0.4335777 0.3502788 0.9231817 -0.4020607 0.3441474 0.9293131 -0.4020607 0.3441474 0.9293131 0.4335777 -0.3474169 0.9222051 -0.4520608 -0.3474171 -0.00209707 -0.4520606 -0.3535485 -0.001984656 -0.4459304 -0.3535483 0.9222051 -0.4459294 0.3502789 0.9222051 -0.4520608 -0.3474169 0.9222051 -0.4520608 -0.3474171 0.9284001 -0.4459298 0.3441477 0.9283928 -0.4459297 -0.3535483 0.9222051 -0.4459294 -0.3535483 0.9222051 -0.4020608 -0.3474169 0.9283438 -0.4020608 -0.3474171 0.9284001 -0.4459298 0.350279 0.9231817 -0.4020608 0.3502789 0.9222051 -0.4520608 0.3441477 0.9283928 -0.4459297 0.3441476 0.9293059 -0.4020608 0.3002779 0.921989 0.4335774 -0.3035482 0.9219891 0.4335774 -0.3035482 0.9158577 0.4397089 0.3002779 0.9158574 0.4397089 0.3002778 0.7167485 0.4212965 -0.3035485 0.7167488 0.4212966 -0.3035485 0.7167488 -0.4020607 0.3002778 0.7167485 -0.4020607 0.3002778 0.7667485 0.4212965 0.3002778 0.7667485 -0.4020607 -0.3035485 0.7667488 -0.4020607 -0.3035485 0.7667488 0.4212966 0.3002778 0.7167485 0.4212965 0.3002778 0.7667485 0.4212965 -0.3035485 0.7667488 0.4212966 -0.3035485 0.7167488 0.4212966 -0.3035485 0.7167488 0.4212966 -0.3035485 0.7667488 0.4212966 -0.3035485 0.7667488 -0.4020607 -0.3035485 0.7167488 -0.4020607 -0.3035485 0.7167488 -0.4020607 -0.3035485 0.7667488 -0.4020607 0.3002778 0.7667485 -0.4020607 0.3002778 0.7167485 -0.4020607 0.3002778 0.7167485 -0.4020607 0.3002778 0.7667485 -0.4020607 0.3002778 0.7667485 0.4212965 0.3002778 0.7167485 0.4212965 0.3002778 0.5515128 0.4212965 -0.3035485 0.551513 0.4212966 -0.3035485 0.551513 -0.4020607 0.3002778 0.5515128 -0.4020607 0.3002778 0.6015128 0.4212965 0.3002778 0.6015128 -0.4020607 -0.3035485 0.601513 -0.4020607 -0.3035485 0.601513 0.4212966 0.3002778 0.5515128 0.4212965 0.3002778 0.6015128 0.4212965 -0.3035485 0.601513 0.4212966 -0.3035485 0.551513 0.4212966 -0.3035485 0.551513 0.4212966 -0.3035485 0.601513 0.4212966 -0.3035485 0.601513 -0.4020607 -0.3035485 0.551513 -0.4020607 -0.3035485 0.551513 -0.4020607 -0.3035485 0.601513 -0.4020607 0.3002778 0.6015128 -0.4020607 0.3002778 0.5515128 -0.4020607 0.3002778 0.5515128 -0.4020607 0.3002778 0.6015128 -0.4020607 0.3002778 0.6015128 0.4212965 0.3002778 0.5515128 0.4212965 0.3002778 0.3839181 0.4212965 -0.3035485 0.3839184 0.4212966 -0.3035485 0.3839184 -0.4020607 0.3002777 0.3839181 -0.4020607 0.3002778 0.4339181 0.4212965 0.3002777 0.4339181 -0.4020607 -0.3035484 0.4339183 -0.4020607 -0.3035485 0.4339183 0.4212966 0.3002778 0.3839181 0.4212965 0.3002778 0.4339181 0.4212965 -0.3035485 0.4339183 0.4212966 -0.3035485 0.3839184 0.4212966 -0.3035485 0.3839184 0.4212966 -0.3035485 0.4339183 0.4212966 -0.3035484 0.4339183 -0.4020607 -0.3035485 0.3839184 -0.4020607 -0.3035485 0.3839184 -0.4020607 -0.3035484 0.4339183 -0.4020607 0.3002777 0.4339181 -0.4020607 0.3002777 0.3839181 -0.4020607 0.3002777 0.3839181 -0.4020607 0.3002777 0.4339181 -0.4020607 0.3002778 0.4339181 0.4212965 0.3002778 0.3839181 0.4212965 -0.3535477 0.923182 0.4335777 -0.3535477 0.923182 -0.4020607 -0.3535483 -0.001127422 -0.4020607 -0.3535483 -0.001127422 0.4335777 -0.3035477 0.923182 0.4397091 -0.3035483 -0.001127481 0.4397091 -0.3035484 -0.001127481 -0.4020607 -0.3035477 0.9293134 -0.4020607 -0.3035477 0.9293134 0.4335777 -0.3474163 0.923182 0.4397092 -0.3474168 -0.001127422 0.4397092 -0.3035483 -0.001127481 0.4397091 -0.3035477 0.923182 0.4397091 -0.3535483 -0.001127422 0.4335777 -0.3535483 -0.001127422 -0.4020607 -0.3035484 -0.001127481 -0.4020607 -0.3035483 -0.001127481 0.4397091 -0.3474168 -0.001127422 0.4397092 -0.3035484 -0.001127481 -0.4020607 -0.3535483 -0.001127422 -0.4020607 -0.3535477 0.923182 -0.4020607 -0.3474163 0.9293134 -0.4020607 -0.3035477 0.9293134 -0.4020607 -0.3474163 0.9293134 -0.4020607 -0.3474163 0.9293134 0.4335777 -0.3035477 0.9293134 0.4335777 -0.3035477 0.9293134 -0.4020607 -0.3535477 0.923182 0.4335777 -0.3474163 0.9293134 0.4335777 -0.3474163 0.9293134 -0.4020607 -0.3535477 0.923182 -0.4020607 0.3441478 0.9305312 0.4353682 -0.3474172 0.9305314 0.4353682 -0.3474172 0.9305314 -0.4451016 0.3441478 0.9305312 -0.4451016 0.3441478 0.9468896 0.4353682 0.3441478 0.9468896 -0.4451016 -0.3474172 0.9468898 -0.4451016 -0.3474172 0.9468898 0.4353682 0.3441478 0.9305312 0.4353682 0.3441478 0.9468896 0.4353682 -0.3474172 0.9468898 0.4353682 -0.3474172 0.9305314 0.4353682 -0.3474172 0.9305314 0.4353682 -0.3474172 0.9468898 0.4353682 -0.3474172 0.9468898 -0.4451016 -0.3474172 0.9305314 -0.4451016 -0.3474172 0.9305314 -0.4451016 -0.3474172 0.9468898 -0.4451016 0.3441478 0.9468896 -0.4451016 0.3441478 0.9305312 -0.4451016 0.3441478 0.9305312 -0.4451016 0.3441478 0.9468896 -0.4451016 0.3441478 0.9468896 0.4353682 0.3441478 0.9305312 0.4353682  
					<Colors>: 0  
					<TextureCoords0>: 291 0.1019531 0.7278999 0.1019531 0.8485996 0.009931347 0.8485996 0.01073296 0.7269502 0.1011481 0.7298557 0.009931263 0.7277509 0.009931347 0.8485996 0.1011481 0.7298557 0.1019531 0.7278999 0.0923264 0.6645701 0.09046754 0.66457 0.09139697 0.6629602 0.08708034 0.6645719 0.08800916 0.6629506 0.08893921 0.6645714 0.0904675 0.8627177 0.09046754 0.66457 0.0923264 0.6645701 0.0904675 0.8627177 0.0923264 0.6645701 0.09232636 0.8627179 0.8815519 0.4678695 0.8880659 0.4674698 0.8888415 0.4683267 0.8815519 0.4678695 0.8888415 0.4683267 0.8823243 0.4687276 0.112663 0.66457 0.1135919 0.6629602 0.1145218 0.6645697 0.1145219 0.8627177 0.1126632 0.8627179 0.112663 0.66457 0.1145219 0.8627177 0.112663 0.66457 0.1145218 0.6645697 0.8815519 0.4678695 0.8823243 0.4687276 0.8888415 0.4683267 0.8815519 0.4678695 0.8888415 0.4683267 0.8880659 0.4674698 0.1402753 0.7273222 0.1398745 0.8485996 0.03061913 0.8485996 0.0306829 0.7277509 0.1626569 0.7087603 0.162657 0.5871099 0.272714 0.5871099 0.272714 0.7079586 0.2719124 0.7087603 0.0923264 0.6645701 0.1017306 0.6645702 0.1017306 0.8627179 0.09232636 0.8627179 0.2127037 0.07341325 0.3227607 0.07341325 0.3227607 0.07995057 0.2135054 0.07995057 0.2127037 0.07914889 0.6722502 0.8609248 0.6722502 0.8674622 0.5505999 0.8674622 0.5505999 0.8617266 0.5514016 0.8609249 0.8883871 0.5779244 0.8823243 0.577983 0.8823243 0.4687276 0.8888415 0.4683267 0.2336614 0.7083203 0.1419691 0.7078309 0.1419692 0.5871099 0.2331893 0.5869831 0.07767612 0.664572 0.08708034 0.6645719 0.08708092 0.8626939 0.07767658 0.8625103 2.318062 0.08716214 0.2522199 0.09410548 0.3434486 0.09410131 0.3434485 0.1006386 0.2514266 0.1031085 0.6850587 0.840237 0.6850587 0.8467743 0.5643377 0.8467743 0.56421 0.8402371 0.9123698 0.5971419 0.8931636 0.5934685 0.9320002 0.4810804 0.8776663 0.5310073 0.4855323 0.03408718 0.5644795 0.03408718 0.5644795 0.1441443 0.4855323 0.1441443 0.6175703 0.1451678 0.6175703 0.03591245 0.6965174 0.03591245 0.6965174 0.1451678 0.9643118 0.5993491 0.9595338 0.5993491 0.9595338 0.520402 0.9643118 0.520402 0.2333914 0.1167181 0.2333914 0.1111384 0.3434485 0.1111384 0.3434485 0.1159164 0.3426468 0.1167181 0.907724 0.5461948 0.9021444 0.5461948 0.9021444 0.4672476 0.907724 0.4672476 0.9218087 0.4679259 0.9265866 0.4679259 0.9265866 0.577983 0.921007 0.577983 0.921007 0.4687276 0.4855323 0.03408718 0.5644795 0.03408718 0.5644795 0.1441443 0.4855323 0.1441443 0.6175703 0.1459695 0.6175703 0.03591245 0.6965174 0.03591245 0.6965174 0.1459695 0.9643118 0.5993491 0.9577745 0.5993491 0.9577745 0.520402 0.9643118 0.520402 0.3434485 0.1111384 0.3434485 0.1176757 0.2333914 0.1176757 0.2333914 0.1111384 0.907724 0.5461948 0.9011868 0.5461948 0.9011868 0.4672476 0.907724 0.4672476 0.9265866 0.577983 0.9200494 0.577983 0.9200494 0.4679259 0.9265866 0.4679259 0.88964 0.46876 0.8896366 0.5780221 0.8883871 0.5779244 0.8888415 0.4683267 0.08893921 0.6645714 0.08893944 0.8627179 0.08708092 0.8626939 0.08708034 0.6645719 0.8924382 0.6045141 0.8925365 0.5083111 0.9320002 0.4810804 0.8931636 0.5934685 0.9418355 0.3777112 0.9248675 0.5111679 0.8776663 0.5310073 0.9320002 0.4810804 0.9010415 0.5885209 0.9036911 0.5988328 0.8931636 0.5934685 0.9123698 0.5971419 0.9579639 0.5993491 0.9579639 0.520402 0.9595338 0.520402 0.9595338 0.5993491 0.4855323 0.03408718 0.5644795 0.03408718 0.5644795 0.1417369 0.4855323 0.1417369 0.6175703 0.1459695 0.6175703 0.03831983 0.6965175 0.03831983 0.6965175 0.1459695 0.9643118 0.5993491 0.9577745 0.5993491 0.9577745 0.520402 0.9643118 0.520402 0.3434485 0.1111384 0.3434485 0.1176757 0.2357988 0.1176757 0.2357988 0.1111384 0.907724 0.5461948 0.9011868 0.5461948 0.9011868 0.4672476 0.907724 0.4672476 0.9265866 0.5755757 0.9200494 0.5755757 0.9200494 0.4679259 0.9265866 0.4679259 0.4855323 0.03408718 0.5644795 0.03408718 0.5644795 0.1417369 0.4855323 0.1417369 0.6175703 0.1459695 0.6175703 0.03831983 0.6965175 0.03831983 0.6965175 0.1459695 0.9643118 0.5993491 0.9577745 0.5993491 0.9577745 0.520402 0.9643118 0.520402 0.3434485 0.1111384 0.3434485 0.1176757 0.2357988 0.1176757 0.2357988 0.1111384 0.907724 0.5461948 0.9011868 0.5461948 0.9011868 0.4672476 0.907724 0.4672476 0.9265866 0.5755757 0.9200494 0.5755757 0.9200494 0.4679259 0.9265866 0.4679259 0.4855323 0.03408718 0.5644795 0.03408718 0.5644795 0.1417369 0.4855323 0.1417369 0.6175703 0.1459695 0.6175703 0.03831983 0.6965175 0.03831983 0.6965175 0.1459695 0.9643118 0.5993491 0.9577745 0.5993491 0.9577745 0.520402 0.9643118 0.520402 0.3434485 0.1111384 0.3434485 0.1176757 0.2357988 0.1176757 0.2357988 0.1111384 0.907724 0.5461948 0.9011868 0.5461948 0.9011868 0.4672476 0.907724 0.4672476 0.9265866 0.5755757 0.9200494 0.5755757 0.9200494 0.4679259 0.9265866 0.4679259 0.1402753 0.7273222 0.0306829 0.7277509 0.03061913 0.8485996 0.1398745 0.8485996 0.272714 0.7079586 0.272714 0.5871099 0.162657 0.5871099 0.1626569 0.7087603 0.2719124 0.7087603 0.112663 0.66457 0.1126632 0.8627179 0.103259 0.8627179 0.1032589 0.6645699 0.2135054 0.07995057 0.3227607 0.07995057 0.3227607 0.07341325 0.2127037 0.07341325 0.2127037 0.07914889 0.6722502 0.8674622 0.6722502 0.8609248 0.5514016 0.8609249 0.5505999 0.8617266 0.5505999 0.8674622 0.8883871 0.5779244 0.8888415 0.4683267 0.8823243 0.4687276 0.8823243 0.577983 0.88964 0.46876 0.8888415 0.4683267 0.8883871 0.5779244 0.8896366 0.5780221 0.8022597 0.4180896 0.6873634 0.4180897 0.6873634 0.2718091 0.8022597 0.271809 0.6709569 0.6278031 0.6709569 0.4815224 0.7858532 0.4815225 0.7858532 0.6278031 0.3655047 0.0989604 0.3655047 0.09033197 0.4804008 0.09033197 0.4804008 0.0989604 0.6320878 0.1992582 0.6320878 0.1906298 0.7783685 0.1906298 0.7783685 0.1992583 0.6873634 0.2357301 0.6873634 0.2271018 0.8022596 0.2271018 0.8022596 0.2357301 0.658376 0.1445503 0.658376 0.1359219 0.8046568 0.1359219 0.8046568 0.1445503  
					<TextureCoords1>: 291 0.6835529 0.9782764 0.8777096 0.9782763 0.8777096 0.8302769 0.6820599 0.8315662 0.6822621 0.976987 0.6833476 0.8302769 0.8777096 0.8302769 0.6822621 0.976987 0.6835529 0.9782764 0.2160856 0.6216043 0.2160856 0.6234277 0.2176647 0.622516 0.2077887 0.9681041 0.209188 0.9667981 0.2074707 0.9663763 0.02172365 0.6234277 0.2160856 0.6234277 0.2160856 0.6216043 0.4429612 0.9672285 0.248595 0.9685262 0.4429563 0.9690518 0.24857 0.9777508 0.248595 0.9685262 0.2467716 0.9685213 0.6422246 0.8629403 0.6404012 0.8537157 0.6404012 0.8629403 0.02330278 0.4223409 0.02172364 0.4232525 0.02330265 0.4241643 0.442957 0.9455048 0.442957 0.9436815 0.248595 0.9437062 0.2176647 0.4241644 0.02330278 0.4223409 0.02330265 0.4241643 0.6422247 0.8846639 0.6404013 0.884664 0.6404013 0.8938886 0.2485938 0.9344816 0.2467716 0.9437065 0.248595 0.9437062 0.2160856 0.6234277 0.02172365 0.6234277 0.02172364 0.7991441 0.2160856 0.7991441 0.02172364 0.2018879 0.2173749 0.2018879 0.2173749 0.0248822 0.02301296 0.0248822 0.02172364 0.0261718 0.248595 0.9685262 0.24857 0.9777508 0.4429312 0.9782764 0.4429563 0.9690518 0.2393883 0.3558942 0.4163941 0.3558942 0.4163941 0.3453803 0.2406776 0.3453803 0.2393883 0.3466696 0.4646849 0.9677625 0.4646848 0.9782764 0.6603361 0.9782764 0.6603362 0.9690518 0.6590469 0.9677625 0.4646848 0.8537157 0.4646849 0.8629403 0.6404012 0.8629403 0.6404012 0.8537157 0.2074707 0.9663763 0.2234473 0.8271282 0.02172364 0.8208677 0.02172364 0.9763771 0.2486045 0.8712709 0.2486044 0.8804954 0.4429412 0.8804957 0.4427611 0.8712708 0.8278331 0.6307102 0.8291225 0.6319995 0.9758326 0.6319975 0.9758325 0.6214836 0.8278331 0.6214836 0.2467717 0.9022194 0.2467716 0.9127333 0.4409283 0.9127333 0.4411336 0.9022193 0.827833 0.5905353 0.8278332 0.599762 0.973254 0.5997601 0.973254 0.5905353 0.2393883 0.1966853 0.2393884 0.3236567 0.4163941 0.3236567 0.416394 0.1966853 0.8288389 0.6721727 0.6531226 0.6721727 0.6531226 0.7991441 0.8288389 0.7991441 0.9548042 0.451067 0.9548043 0.4433825 0.8278329 0.4433824 0.8278329 0.4510669 0.4646849 0.8211949 0.4646848 0.8301687 0.6416906 0.8301687 0.6416906 0.8224843 0.640401 0.8211949 0.9548043 0.4216588 0.9548042 0.412685 0.8278329 0.412685 0.8278329 0.4216588 0.2393883 0.4433823 0.2393884 0.4510667 0.4163941 0.4510667 0.416394 0.442093 0.2406776 0.442093 0.2393883 0.5050279 0.2393884 0.6319995 0.4163941 0.6319995 0.416394 0.5050279 0.416394 0.04799026 0.2393883 0.04799026 0.2393883 0.1749616 0.416394 0.1749616 0.9793576 0.7991439 0.9793574 0.7886302 0.852386 0.7886302 0.8523861 0.7991441 0.4163941 0.4203693 0.416394 0.4098554 0.2393883 0.4098554 0.2393884 0.4203693 0.9793575 0.7669066 0.9793575 0.7563927 0.8523862 0.7563927 0.852386 0.7669064 0.4163941 0.4833043 0.416394 0.4727904 0.2393883 0.4727904 0.2393884 0.4833043 0.6404012 0.8518924 0.4646848 0.8518924 0.4646848 0.8537157 0.6404012 0.8537157 0.2074707 0.9663763 0.02172364 0.9763771 0.02185132 0.9782764 0.2077887 0.9681041 0.2234473 0.8271282 0.2074707 0.9663763 0.209188 0.9667981 0.225048 0.8285536 0.2486044 0.8804954 0.2486045 0.8712709 0.2467801 0.8712708 0.2467716 0.8804955 0.4411336 0.9022193 0.4409283 0.9127333 0.4427674 0.9114545 0.4429558 0.9022298 0.8288389 0.6721727 0.8288389 0.7991441 0.8306623 0.7991441 0.8306624 0.6721727 0.4381177 0.3240955 0.4381177 0.4510669 0.6112517 0.451067 0.6112517 0.3240955 0.8061092 0.3240955 0.6329753 0.3240955 0.6329753 0.451067 0.8061092 0.4510669 0.9793574 0.734669 0.9793574 0.7241551 0.852386 0.7241551 0.852386 0.734669 0.8061094 0.5675244 0.8061093 0.5570105 0.6329754 0.5570105 0.6329755 0.5675244 0.9793574 0.6701938 0.9793574 0.6596799 0.852386 0.6596799 0.8523861 0.6701938 0.8061094 0.5352869 0.8061093 0.5247729 0.6329754 0.5247729 0.6329755 0.5352869 0.4381177 0.02670538 0.4381177 0.1536768 0.6112517 0.1536768 0.6112517 0.02670544 0.8061092 0.1754004 0.6329753 0.1754004 0.6329753 0.3023719 0.8061092 0.3023719 0.9793574 0.7024314 0.9793574 0.6919175 0.852386 0.6919174 0.852386 0.7024314 0.8061094 0.599762 0.8061093 0.5892481 0.6329754 0.5892481 0.6329755 0.599762 0.9548044 0.5365741 0.9548044 0.5260601 0.827833 0.5260602 0.8278331 0.5365741 0.4125223 0.02626663 0.4125224 0.01575273 0.2393884 0.01575273 0.2393883 0.02626663 0.4381177 0.1754004 0.4381177 0.3023719 0.6112517 0.3023719 0.6112517 0.1754005 0.6112517 0.4727906 0.4381178 0.4727906 0.4381177 0.599762 0.6112517 0.599762 0.9548044 0.5688117 0.9548044 0.5582978 0.827833 0.5582978 0.8278331 0.5688116 0.8061094 0.6319995 0.8061094 0.6214856 0.6329754 0.6214856 0.6329755 0.6319995 0.9548044 0.5043365 0.9548044 0.4938226 0.8278331 0.4938226 0.827833 0.5043365 0.6112517 0.6319995 0.6112518 0.6214856 0.4381178 0.6214856 0.4381177 0.6319995 0.02330265 0.4241643 0.02330258 0.5998806 0.2176647 0.5998807 0.2176647 0.4241644 0.2160859 0.2236116 0.02172371 0.2236115 0.02172364 0.4006173 0.2173752 0.4006172 0.2173752 0.2249008 0.248595 0.9437062 0.442957 0.9436815 0.442956 0.9344569 0.2485938 0.9344816 0.2406776 0.3881317 0.416394 0.3881318 0.4163941 0.3776178 0.2393884 0.3776178 0.2393883 0.3868424 0.2467716 0.8390333 0.2467718 0.8495472 0.4411338 0.849547 0.4424231 0.8482578 0.442423 0.8390331 0.464685 0.8938886 0.6404013 0.8938886 0.6404013 0.884664 0.464685 0.884664 0.6404012 0.895712 0.6404013 0.8938886 0.464685 0.8938886 0.4646848 0.895712 0.2393883 0.6537231 0.2393883 0.7991441 0.4245318 0.7991441 0.4245318 0.6537231 0.6313989 0.6537231 0.4462555 0.6537231 0.4462555 0.7991441 0.6313989 0.7991441 0.7783964 0.5030493 0.7783964 0.4996095 0.6329755 0.4996095 0.6329754 0.5030493 0.6498284 0.9460388 0.6498285 0.942599 0.4646849 0.942599 0.4646848 0.9460388 0.7783963 0.4778858 0.7783963 0.474446 0.6329754 0.4744461 0.6329754 0.4778858 0.6498284 0.9208754 0.6498285 0.9174356 0.4646849 0.9174356 0.4646848 0.9208754  
					<Normals>: 291 0 2.464536E-07 1 0 2.464536E-07 1 0 2.464536E-07 1 0 2.464536E-07 1 0 2.464536E-07 1 0 2.464536E-07 1 0 2.464536E-07 1 0 2.464536E-07 1 0 2.464536E-07 1 0.5773479 0.577355 0.5773479 0.5773479 0.577355 0.5773479 0.5773479 0.577355 0.5773479 -0.5793458 0.5733455 -0.5793387 -0.5793458 0.5733455 -0.5793387 -0.5793458 0.5733455 -0.5793387 0.7071061 0 0.7071074 0.7071061 0 0.7071074 0.7071061 0 0.7071074 0.7071061 0 0.7071074 0.7071061 0 0.7071074 0.7071061 0 0.7071074 0 0.7071065 0.7071071 0 0.7071065 0.7071071 0 0.7071065 0.7071071 0 0.7071065 0.7071071 0 0.7071065 0.7071071 0 0.7071065 0.7071071 -0.577355 0.5773479 0.5773479 -0.577355 0.5773479 0.5773479 -0.577355 0.5773479 0.5773479 -0.7071078 4.383611E-07 0.7071057 -0.7071078 4.383611E-07 0.7071057 -0.7071078 4.383611E-07 0.7071057 -0.7071078 4.383611E-07 0.7071057 -0.7071078 4.383611E-07 0.7071057 -0.7071078 4.383611E-07 0.7071057 1.224162E-06 0.7071103 0.7071032 1.224162E-06 0.7071103 0.7071032 1.224162E-06 0.7071103 0.7071032 1.224162E-06 0.7071103 0.7071032 1.224162E-06 0.7071103 0.7071032 1.224162E-06 0.7071103 0.7071032 1 0 0 1 0 0 1 0 0 1 0 0 -1 0 0 -1 0 0 -1 0 0 -1 0 0 -1 0 0 0 0 1 0 0 1 0 0 1 0 0 1 0 -1 0 0 -1 0 0 -1 0 0 -1 0 0 -1 0 0 0 -1 0 0 -1 0 0 -1 0 0 -1 0 0 -1 0 1 0 0 1 0 0 1 0 0 1 0 0 -1.4758E-07 -1 0 -1.4758E-07 -1 0 -1.4758E-07 -1 0 -1.4758E-07 -1 -1 1.935716E-07 0 -1 1.935716E-07 0 -1 1.935716E-07 0 -1 1.935716E-07 0 0.0006934868 -0.9999521 0.009772293 0.0006934868 -0.9999521 0.009772293 0.0006934868 -0.9999521 0.009772293 0.0006934868 -0.9999521 0.009772293 0.0006934868 -0.9999521 0.009772293 1 -1.612993E-07 -6.451972E-07 1 -1.612993E-07 -6.451972E-07 1 -1.612993E-07 -6.451972E-07 1 -1.612993E-07 -6.451972E-07 -0.0006902165 0.9999521 -0.009765187 -0.0006902165 0.9999521 -0.009765187 -0.0006902165 0.9999521 -0.009765187 -0.0006902165 0.9999521 -0.009765187 -2.345335E-07 -1 0 -2.345335E-07 -1 0 -2.345335E-07 -1 0 -2.345335E-07 -1 0 2.907103E-07 1 0 2.907103E-07 1 0 2.907103E-07 1 0 2.907103E-07 1 0 0 0 1 0 0 1 0 0 1 0 0 1 -1 0 0 -1 0 0 -1 0 0 -1 0 0 -1 0 0 0 -5.782647E-07 -1 0 -5.782647E-07 -1 0 -5.782647E-07 -1 0 -5.782647E-07 -1 1 3.468093E-07 0 1 3.468093E-07 0 1 3.468093E-07 0 1 3.468093E-07 0 1 3.468093E-07 0 -1.974296E-07 -1 0 -1.974296E-07 -1 0 -1.974296E-07 -1 0 -1.974296E-07 -1 0 2.960324E-07 1 0 2.960324E-07 1 0 2.960324E-07 1 0 2.960324E-07 1 0 0 0 1 0 0 1 0 0 1 0 0 1 -1 0 0 -1 0 0 -1 0 0 -1 0 0 0 -4.935583E-07 -1 0 -4.935583E-07 -1 0 -4.935583E-07 -1 0 -4.935583E-07 -1 1 0 0 1 0 0 1 0 0 1 0 0 0.7071073 0.7071062 0 0.7071073 0.7071062 0 0.7071073 0.7071062 0 0.7071073 0.7071062 0 -0.7070797 4.64855E-07 -0.7071338 -0.7070797 4.64855E-07 -0.7071338 -0.7070797 4.64855E-07 -0.7071338 -0.7070797 4.64855E-07 -0.7071338 3.769896E-06 0.7036402 -0.7105564 3.769896E-06 0.7036402 -0.7105564 3.769896E-06 0.7036402 -0.7105564 3.769896E-06 0.7036402 -0.7105564 -0.7091478 0.7050598 0.0004540811 -0.7091478 0.7050598 0.0004540811 -0.7091478 0.7050598 0.0004540811 -0.7091478 0.7050598 0.0004540811 0.7048892 0.7091737 -0.0142757 0.7048892 0.7091737 -0.0142757 0.7048892 0.7091737 -0.0142757 0.7048892 0.7091737 -0.0142757 1.778743E-07 0.7071029 0.7071106 1.778743E-07 0.7071029 0.7071106 1.778743E-07 0.7071029 0.7071106 1.778743E-07 0.7071029 0.7071106 -3.596674E-07 -1 0 -3.596674E-07 -1 0 -3.596674E-07 -1 0 -3.596674E-07 -1 0 2.857407E-07 1 0 2.857407E-07 1 0 2.857407E-07 1 0 2.857407E-07 1 0 0 0 1 0 0 1 0 0 1 0 0 1 -1 0 0 -1 0 0 -1 0 0 -1 0 0 0 -4.935578E-07 -1 0 -4.935578E-07 -1 0 -4.935578E-07 -1 0 -4.935578E-07 -1 1 2.980229E-07 0 1 2.980229E-07 0 1 2.980229E-07 0 1 2.980229E-07 0 -1.798337E-07 -1 0 -1.798337E-07 -1 0 -1.798337E-07 -1 0 -1.798337E-07 -1 0 3.357803E-07 1 0 3.357803E-07 1 0 3.357803E-07 1 0 3.357803E-07 1 0 0 0 1 0 0 1 0 0 1 0 0 1 -1 0 0 -1 0 0 -1 0 0 -1 0 0 0 0 -1 0 0 -1 0 0 -1 0 0 -1 1 0 0 1 0 0 1 0 0 1 0 0 -4.795565E-07 -1 0 -4.795565E-07 -1 0 -4.795565E-07 -1 0 -4.795565E-07 -1 0 4.45623E-07 1 0 4.45623E-07 1 0 4.45623E-07 1 0 4.45623E-07 1 0 0 -9.871172E-07 1 0 -9.871172E-07 1 0 -9.871172E-07 1 0 -9.871172E-07 1 -1 2.38419E-06 0 -1 2.38419E-06 0 -1 2.38419E-06 0 -1 2.38419E-06 0 0 4.935588E-07 -1 0 4.935588E-07 -1 0 4.935588E-07 -1 0 4.935588E-07 -1 1 -2.980235E-07 0 1 -2.980235E-07 0 1 -2.980235E-07 0 1 -2.980235E-07 0 -1 6.448561E-07 0 -1 6.448561E-07 0 -1 6.448561E-07 0 -1 6.448561E-07 0 1 -6.72653E-07 0 1 -6.72653E-07 0 1 -6.72653E-07 0 1 -6.72653E-07 0 1 -6.72653E-07 0 1.35871E-06 0 1 1.35871E-06 0 1 1.35871E-06 0 1 1.35871E-06 0 1 -1.192664E-06 -1 0 -1.192664E-06 -1 0 -1.192664E-06 -1 0 -1.192664E-06 -1 0 -1.192664E-06 -1 0 0 0 -1 0 0 -1 0 0 -1 0 0 -1 0 0 -1 0 1 0 0 1 0 0 1 0 0 1 0 -0.7071049 0.7071086 0 -0.7071049 0.7071086 0 -0.7071049 0.7071086 0 -0.7071049 0.7071086 0 -2.936661E-07 -1 0 -2.936661E-07 -1 0 -2.936661E-07 -1 0 -2.936661E-07 -1 0 3.40011E-07 1 0 3.40011E-07 1 0 3.40011E-07 1 0 3.40011E-07 1 0 0 0 1 0 0 1 0 0 1 0 0 1 -1 0 0 -1 0 0 -1 0 0 -1 0 0 0 0 -1 0 0 -1 0 0 -1 0 0 -1 1 0 0 1 0 0 1 0 0 1 0 0  
					<Tangents>: 291 -1 0 0 -1 0 0 -1 0 0 -0.9997886 0.02056203 0 -0.9995279 0.03072125 0 -1 0 0 -0.2424561 0.9701624 0 -0.2424562 0.9701624 0 -0.2424562 0.9701624 0 -0.7071329 0 0.7070805 -0.7071329 0 0.7070805 -0.7071329 0 0.7070805 0.7069978 0 -0.7072158 0.7069978 0 -0.7072158 0.7069978 0 -0.7072158 -0.7071074 0 0.7071061 -0.7071074 0 0.7071061 -0.7071074 0 0.7071061 -0.7071074 0 0.7071061 -0.7071074 0 0.7071061 -0.7071074 0 0.7071061 0.9957865 0.06484286 -0.0648428 0.9957576 0.06506465 -0.06506459 0.9957535 0.06509612 -0.06509605 0.9957865 0.06484286 -0.0648428 0.9957535 0.06509612 -0.06509605 0.9957825 0.06487431 -0.06487426 -0.7071685 0 -0.707045 -0.7071685 0 -0.707045 -0.7071685 0 -0.707045 -0.7071056 0 -0.7071078 -0.7071057 0 -0.7071078 -0.7071056 0 -0.7071078 -0.7071056 0 -0.7071078 -0.7071056 0 -0.7071078 -0.7071057 0 -0.7071078 -0.9957866 0.06484265 -0.06484158 -0.9957825 0.0648742 -0.06487312 -0.9957535 0.06509654 -0.06509546 -0.9957866 0.06484265 -0.06484158 -0.9957535 0.06509654 -0.06509546 -0.9957576 0.065065 -0.06506393 0 -0.003909991 0.9999924 0 -0.001829693 0.9999983 0 0 1 0 -0.002080305 0.9999979 0 0 1 0 0 1 0 0 1 0 0 1 0 0 1 -1 0 0 -1 0 0 -1 0 0 -1 0 0 0 0 -1 0 0 -1 0 0 -1 0 0 -1 0 0 -1 0 -1 0 0 -1 0 0 -1 0 0 -1 0 0 -1 0 0.9999256 0 -0.01220017 0.9999478 0 -0.01022006 0.9977176 0 -0.06752457 0.997582 0 -0.06950014 -0.9999858 -0.005342177 0 -0.9999951 -0.003142855 0 -1 0 0 -0.9999976 -0.002200494 0 0 0 -1 0 0 -1 0 0 -1 0 0 -1 -0.9999425 0 -0.01072365 1 0 0 -0.9964424 0 0.08427662 -0.9967855 0 0.08011705 -0.9999535 0 -0.009647873 0 -1 0 0 -1 0 0 -1 0 0 -1 0 -0.6587051 0.006892712 0.7523696 -0.637166 0.007086529 0.770694 0.9899594 0 -0.1413518 0.9935611 0 -0.1132972 -1 0 0 -1 0 0 -1 0 0 -1 0 0 -1 0 0 -1 0 0 -1 0 0 -1 0 0 0 -1 0 0 -1 0 0 -1 0 0 -1 0 0 0 1 0 0 1 0 0 1 0 0 1 0 0 1 0 -1 0 0 -1 0 0 -1 0 0 -1 0 0 -1 0 0 -1 0 0 -1 0 0 -1 0 0 -1 0 -1 0 0 -1 0 0 -1 0 0 -1 0 0 -1 0 0 -1 0 0 -1 0 0 -1 0 0 0 -1 0 0 -1 0 0 -1 0 0 -1 0 0 0 1 0 0 1 0 0 1 0 0 1 0 -1 0 0 -1 0 0 -1 0 0 -1 0 0 -1 0 0 -1 0 0 -1 0 0 -1 0 0.6612446 -0.6612457 0.3542733 0.7044988 -0.7045001 0.08579633 0.7043877 -0.7043888 0.08760393 0.660789 -0.66079 0.3559695 0.7071337 0 -0.7070798 0.7071337 0 -0.7070798 0.7071337 0 -0.7070798 0.7071338 0 -0.7070797 0.9931384 0.08309329 0.08228977 0.9986229 0.03727405 0.03691654 0.9986503 0.03690302 0.03654912 0.9931824 0.08282781 0.08202687 0.1748728 0.1765105 -0.9686401 -0.3360851 -0.3385997 0.8788613 -0.3143274 -0.3167261 0.8949206 0.1511412 0.1526465 -0.9766552 -0.1432649 0.1620528 0.9763268 -0.09694296 0.1162554 0.988477 -0.08662202 0.1060392 0.9905818 -0.137111 0.1559739 0.9781986 0 -0.7071106 0.7071029 0 -0.7071106 0.7071029 0 -0.7071106 0.707103 0 -0.7071106 0.7071029 -1 0 0 -1 0 0 -1 0 0 -1 0 0 -1 0 0 -1 0 0 -1 0 0 -1 0 0 0 -1 0 0 -1 0 0 -1 0 0 -1 0 0 0 1 0 0 1 0 0 1 0 0 1 0 -1 0 0 -1 0 0 -1 0 0 -1 0 0 -1 0 0 -1 0 0 -1 0 0 -1 0 -1 0 0 -1 0 0 -1 0 0 -1 0 0 -1 0 0 -1 0 0 -1 0 0 -1 0 0 0 -1 0 0 -1 0 0 -1 0 0 -1 0 0 0 1 0 0 1 0 0 1 0 0 1 0 -1 0 0 -1 0 0 -1 0 0 -1 0 0 -1 0 0 -1 0 0 -1 0 0 -1 0 -1 0 0 -1 0 0 -1 0 0 -1 0 0 -1 0 0 -1 0 0 -1 0 0 -1 0 0 0 -1 0 0 -1 0 0 -1 0 0 -1 0 0 0 1 0 0 1 0 0 1 0 0 1 0 -1 0 0 -1 0 0 -1 0 0 -1 0 0 -1 0 0 -1 0 0 -1 0 0 -1 0 0 -0.003909991 0.9999924 0 -0.002080305 0.9999979 0 0 1 0 -0.001829693 0.9999983 0 0 1 0 0 1 0 0 1 0 0 1 0 0 1 -1 0 0 -1 0 0 -1 0 0 -1 0 0 0 0 -1 0 0 -1 0 0 -1 0 0 -1 0 0 -1 0 -1 0 0 -1 0 0 -1 0 0 -1 0 0 -1 0 -0.9999256 0 -0.01220016 -0.997582 0 -0.06950006 -0.9977176 0 -0.06752449 -0.9999478 0 -0.01022006 -0.6612467 -0.6612432 0.3542743 -0.660791 -0.6607876 0.3559705 -0.70439 -0.7043863 0.08760422 -0.7045013 -0.7044976 0.08579662 1 0 0 1 0 0 1 0 0 1 0 0 -1 0 0 -1 0 0 -1 0 0 -1 0 0 -1 0 0 -1 0 0 -1 0 0 -1 0 0 0 0 -1 0 0 -1 0 0 -1 0 0 -1 1 0 0 1 0 0 1 0 0 1 0 0 0 0 1 0 0 1 0 0 1 0 0 1  
					<BiTangents>: 291 0 1 -2.464536E-07 0 1 -2.464536E-07 0 1 -2.464536E-07 0.02056203 0.9997886 -2.464015E-07 0.03072125 0.999528 -2.463373E-07 0 1 -2.464536E-07 -0.9701624 -0.2424561 5.975419E-08 -0.9701624 -0.2424562 5.975419E-08 -0.9701624 -0.2424562 5.975419E-08 -0.4082365 0.8164932 -0.4082668 -0.4082365 0.8164932 -0.4082668 -0.4082365 0.8164932 -0.4082668 0.405479 0.8193137 0.405354 0.405479 0.8193137 0.405354 0.405479 0.8193136 0.4053539 0 1 0 0 1 0 0 1 0 0 1 0 0 1 0 0 1 0 0.09170161 -0.7041277 0.7041271 0.09201527 -0.7041073 0.7041067 0.09205976 -0.7041044 0.7041038 0.09170161 -0.7041277 0.7041271 0.09205976 -0.7041044 0.7041038 0.09174609 -0.7041248 0.7041242 0.4082109 0.8164983 -0.4082823 0.4082109 0.8164983 -0.4082823 0.4082109 0.8164983 -0.4082823 3.099686E-07 1 -3.099676E-07 3.099686E-07 1 -3.099676E-07 3.099686E-07 1 -3.099676E-07 3.099686E-07 1 -3.099676E-07 3.099686E-07 1 -3.099676E-07 3.099686E-07 1 -3.099676E-07 -0.0917006 -0.7041239 0.7041311 -0.09174521 -0.7041209 0.7041282 -0.09205964 -0.7041004 0.7041076 -0.0917006 -0.7041239 0.7041311 -0.09205964 -0.7041004 0.7041076 -0.09201505 -0.7041034 0.7041106 0 0.9999924 0.003909991 0 0.9999983 0.001829693 0 1 0 0 0.9999979 0.002080305 0 -1 0 0 -1 0 0 -1 0 0 -1 0 0 -1 0 0 1 0 0 1 0 0 1 0 0 1 0 -1 0 0 -1 0 0 -1 0 0 -1 0 0 -1 0 0 1 0 0 1 0 0 1 0 0 1 0 0 1 0 0 0.01220017 0 0.9999256 0.01022006 0 0.9999478 0.06752457 0 0.9977176 0.06950014 0 0.997582 0.005342176 -0.9999857 1.475779E-07 0.003142855 -0.9999951 1.475793E-07 0 -1 1.4758E-07 0.002200494 -0.9999976 1.475797E-07 1.935716E-07 1 0 1.935716E-07 1 0 1.935716E-07 1 0 1.935716E-07 1 0 0.01072314 -0.009764297 -0.9998949 0 0.009772295 0.9999523 -0.08427259 -0.009795972 -0.9963946 -0.08011321 -0.00979644 -0.9967377 0.009647413 -0.00976515 -0.9999058 6.451972E-07 0 1 6.451972E-07 0 1 6.451972E-07 0 1 6.451972E-07 0 1 0.7524009 0.006951677 0.6586688 0.7707263 0.006753991 0.6371306 -0.141345 -0.009764704 -0.9899122 -0.1132918 -0.009780511 -0.9935136 0 0 1 0 0 1 0 0 1 0 0 1 0 0 -1 0 0 -1 0 0 -1 0 0 -1 -1 0 0 -1 0 0 -1 0 0 -1 0 0 0 -1 0 0 -1 0 0 -1 0 0 -1 0 0 -1 0 1 0 0 1 0 0 1 0 0 1 0 0 0 0 1 0 0 1 0 0 1 0 0 1 0 0 1 0 0 1 0 0 1 0 0 1 0 0 1 0 0 -1 0 0 -1 0 0 -1 0 0 -1 -1 0 0 -1 0 0 -1 0 0 -1 0 0 0 -1 0 0 -1 0 0 -1 0 0 -1 0 1 0 0 1 0 0 1 0 0 1 0 0 0 0 1 0 0 1 0 0 1 0 0 1 -0.2505088 0.2505093 0.9351419 -0.06066712 0.06066722 0.9963127 -0.06194529 0.06194539 0.9961554 -0.2517083 0.2517087 0.9344975 3.286896E-07 1 3.287147E-07 3.286896E-07 1 3.287147E-07 3.286896E-07 1 3.287147E-07 3.286896E-07 1 3.287147E-07 -0.1169449 0.7056813 0.6988118 -0.05246128 0.7095782 0.7026711 -0.05193911 0.7095975 0.7026903 -0.1165712 0.7057124 0.6988427 0.6830293 0.6868295 0.2484678 -0.6198034 -0.6230898 -0.4770773 -0.6311163 -0.6344882 -0.4462252 0.6886696 0.6925243 0.2148125 0.6946988 -0.6861571 0.215829 0.7026615 -0.6953829 0.1506966 0.7040083 -0.6970139 0.1361759 0.6959394 -0.6875644 0.2071799 -1 1.257754E-07 1.257768E-07 -1 1.257754E-07 1.257768E-07 -1 1.257754E-07 1.257768E-07 -1 1.257754E-07 1.257768E-07 0 0 1 0 0 1 0 0 1 0 0 1 0 0 -1 0 0 -1 0 0 -1 0 0 -1 -1 0 0 -1 0 0 -1 0 0 -1 0 0 0 -1 0 0 -1 0 0 -1 0 0 -1 0 1 0 0 1 0 0 1 0 0 1 0 0 0 0 1 0 0 1 0 0 1 0 0 1 0 0 1 0 0 1 0 0 1 0 0 1 0 0 -1 0 0 -1 0 0 -1 0 0 -1 -1 0 0 -1 0 0 -1 0 0 -1 0 0 0 -1 0 0 -1 0 0 -1 0 0 -1 0 1 0 0 1 0 0 1 0 0 1 0 0 0 0 1 0 0 1 0 0 1 0 0 1 0 0 1 0 0 1 0 0 1 0 0 1 0 0 -1 0 0 -1 0 0 -1 0 0 -1 -1 0 0 -1 0 0 -1 0 0 -1 0 0 -2.38419E-06 -1 0 -2.38419E-06 -1 0 -2.38419E-06 -1 0 -2.38419E-06 -1 0 1 0 0 1 0 0 1 0 0 1 0 0 0 0 1 0 0 1 0 0 1 0 0 1 6.448511E-07 0.9999924 0.003909991 6.448547E-07 0.9999979 0.002080305 6.448561E-07 1 0 6.44855E-07 0.9999983 0.001829693 -6.72653E-07 -1 0 -6.72653E-07 -1 0 -6.72653E-07 -1 0 -6.72653E-07 -1 0 -6.72653E-07 -1 0 0 1 0 0 1 0 0 1 0 0 1 0 1 -1.192664E-06 0 1 -1.192664E-06 0 1 -1.192664E-06 0 1 -1.192664E-06 0 1 -1.192664E-06 0 -1 0 0 -1 0 0 -1 0 0 -1 0 0 -1 0 0 -0.01220016 0 0.9999256 -0.06950006 0 0.997582 -0.06752449 0 0.9977176 -0.01022006 0 0.9999478 0.2505105 0.2505091 0.9351416 0.2517098 0.2517085 0.9344972 0.06194571 0.06194538 0.9961554 0.06066753 0.06066721 0.9963127 0 0 -1 0 0 -1 0 0 -1 0 0 -1 0 0 -1 0 0 -1 0 0 -1 0 0 -1 0 1 0 0 1 0 0 1 0 0 1 0 0 1 0 0 1 0 0 1 0 0 1 0 0 1 0 0 1 0 0 1 0 0 1 0 0 1 0 0 1 0 0 1 0 0 1 0  
					<SubMeshes>: 2
						<SubMesh>: 0 396 0 1 2 2 3 4 2 5 3 6 7 8 9 10 11 12 13 14 15 16 17 18 19 20 21 22 23 24 25 26 27 28 29 30 31 32 33 34 35 36 37 38 39 40 41 42 43 44 42 44 45 46 47 48 48 49 46 49 50 46 51 52 53 51 53 54 55 56 57 57 58 55 58 59 55 60 61 62 62 63 60 63 64 60 65 66 67 65 67 68 69 70 71 69 71 72 73 74 75 73 75 76 77 78 79 79 80 77 80 81 77 82 83 84 82 84 85 86 87 88 86 88 89 90 91 92 90 92 93 94 95 96 94 96 97 98 99 100 98 100 101 102 103 104 104 105 102 105 106 102 107 108 109 107 109 110 111 112 113 113 114 111 114 115 111 116 117 118 116 118 119 120 121 122 120 122 123 124 125 126 124 126 127 128 129 130 128 130 131 132 133 134 132 134 135 136 137 138 136 138 139 140 141 142 140 142 143 144 145 146 144 146 147 148 149 150 148 150 151 152 153 154 152 154 155 156 157 158 156 158 159 160 161 162 160 162 163 164 165 166 164 166 167 168 169 170 168 170 171 172 173 174 172 174 175 176 177 178 176 178 179 180 181 182 180 182 183 184 185 186 184 186 187 188 189 190 188 190 191 192 193 194 192 194 195 196 197 198 196 198 199 200 201 202 200 202 203 204 205 206 204 206 207 208 209 210 208 210 211 212 213 214 212 214 215 216 217 218 216 218 219 220 221 222 220 222 223 224 225 226 224 226 227 228 229 230 228 230 231 232 233 234 232 234 235 236 237 238 236 238 239 240 241 242 242 243 240 243 244 240 245 246 247 245 247 248 249 250 251 251 252 249 252 253 249 254 255 256 256 257 254 257 258 254 259 260 261 259 261 262 263 264 265 263 265 266  
						<SubMesh>: 1 36 267 268 269 267 269 270 271 272 273 271 273 274 275 276 277 275 277 278 279 280 281 279 281 282 283 284 285 283 285 286 287 288 289 287 289 290  
				</Mesh>
				<Materials>: 2
					<Material>: 0
						<AlbedoColor>: 1 1 1 1
						<EmissiveColor>: 1 1 1 1
						<Glossiness>: 0.5
						<Metallic>: 0
						<SpecularHighlight>: 1
						<GlossyReflection>: 1
						<AlbedoMap>: @Table_texture_set_1_Diffuse
						<MetallicMap>: @Table_texture_set_1_Maskmap
						<NormalMap>: @Table_texture_set_1_Normal
						<EmissionMap>: null
						<DetailAlbedoMap>: null
						<DetailNormalMap>: null
					<Material>: 1
						<AlbedoColor>: 1 1 1 0.5019608
						<EmissiveColor>: 1 1 1 1
						<Glossiness>: 0.5
						<Metallic>: 0
						<SpecularHighlight>: 1
						<GlossyReflection>: 1
						<AlbedoMap>: Table_Glass_Diffuse+Alpha
						<MetallicMap>: Table_Glass_Maskmap
						<NormalMap>: Table_Glass_Normal
						<EmissionMap>: null
						<DetailAlbedoMap>: null
						<DetailNormalMap>: null
				</Materials>
				<Children>: 0
			</Frame>
			<Frame>: 5 0 Drawer_2.004
				<Transform>: 0 0 0 0 0 0 1 1 1 0 0 0 1  
				<TransformMatrix>: 1 0 0 0 0 1 0 0 0 0 1 0 0 0 0 1  
				<Mesh>: 72 Drawer_2.004
					<Bounds>: -0.006697461 0.8170953 0.02534309 0.3125581 0.07323477 0.4251376
					<Positions>: 72 0.2881857 0.7665477 0.4394928 -0.3015805 0.7665477 0.4394928 -0.3015805 0.7665479 -0.3997945 0.2881857 0.7665479 -0.3997945 0.2643479 0.780618 0.4156549 0.2643479 0.780618 -0.3759567 -0.2777427 0.780618 -0.3759567 -0.2777427 0.780618 0.4156549 0.3058607 0.7438605 0.4504806 0.3058607 0.8903301 0.4504807 -0.3192556 0.8903301 0.4504807 -0.3192556 0.7438605 0.4504806 -0.3015805 0.7665477 0.4394928 -0.3015805 0.8849716 0.4394928 -0.3015805 0.8849717 -0.3997945 -0.3015805 0.7665479 -0.3997945 -0.3015805 0.7665479 -0.3997945 -0.3015805 0.8849717 -0.3997945 0.2881857 0.8849717 -0.3997945 0.2881857 0.7665479 -0.3997945 0.2881857 0.7665479 -0.3997945 0.2881857 0.8849717 -0.3997945 0.2881857 0.8849716 0.4394928 0.2881857 0.7665477 0.4394928 0.2643479 0.8849716 0.415655 0.2643479 0.780618 0.4156549 -0.2777427 0.780618 0.4156549 -0.2777427 0.8849716 0.415655 -0.2777427 0.8849716 0.415655 -0.2777427 0.780618 0.4156549 -0.2777427 0.780618 -0.3759567 -0.2777427 0.8849717 -0.3759567 -0.2777427 0.8849717 -0.3759567 -0.2777427 0.780618 -0.3759567 0.2643479 0.780618 -0.3759567 0.2643479 0.8849717 -0.3759567 0.2643479 0.8849717 -0.3759567 0.2643479 0.780618 -0.3759567 0.2643479 0.780618 0.4156549 0.2643479 0.8849716 0.415655 0.3058607 0.7438605 0.439492 0.3058607 0.7438605 0.4504806 -0.3192556 0.7438605 0.4504806 -0.3192556 0.7438605 0.439492 -0.3192556 0.7438605 0.439492 -0.3192556 0.7438605 0.4504806 -0.3192556 0.8903301 0.4504807 -0.3192556 0.8903301 0.439492 -0.3192556 0.8903301 0.439492 -0.3192556 0.8903301 0.4504807 0.3058607 0.8903301 0.4504807 0.3058607 0.8903301 0.439492 0.3058607 0.8903301 0.439492 0.3058607 0.8903301 0.4504807 0.3058607 0.7438605 0.4504806 0.3058607 0.7438605 0.439492 -0.3015805 0.8849716 0.4394928 0.3058607 0.8903301 0.439492 0.2881857 0.8849716 0.4394928 -0.3192556 0.8903301 0.439492 0.3058607 0.7438605 0.439492 -0.3015805 0.7665477 0.4394928 0.2881857 0.7665477 0.4394928 -0.3192556 0.7438605 0.439492 -0.3015805 0.8849717 -0.3997945 0.2643479 0.8849717 -0.3759567 0.2881857 0.8849717 -0.3997945 -0.2777427 0.8849717 -0.3759567 0.2643479 0.8849716 0.415655 -0.3015805 0.8849716 0.4394928 0.2881857 0.8849716 0.4394928 -0.2777427 0.8849716 0.415655  
					<Colors>: 0  
					<TextureCoords0>: 72 0.6229642 0.2497135 0.6229642 0.1580122 0.7011283 0.1580122 0.7011284 0.2497135 0.746767 0.5798082 0.6748362 0.5798081 0.6748362 0.4943401 0.746767 0.4943402 0.1830487 0.6451858 0.2021118 0.6451858 0.2021118 0.7410713 0.1830487 0.7410713 0.7185437 0.2441834 0.707848 0.2441834 0.707848 0.1660193 0.7185437 0.1660193 0.7987072 0.8580309 0.7880116 0.8580309 0.7880116 0.7663294 0.7987072 0.7663294 0.7297071 0.2441834 0.7190112 0.2441834 0.7190112 0.1660194 0.7297071 0.1660194 0.8021584 0.7914253 0.8110146 0.7914253 0.8110146 0.8768934 0.8021584 0.8768934 0.7394983 0.1722527 0.7483544 0.1722527 0.7483544 0.2441834 0.7394983 0.2441834 0.7832959 0.1642455 0.792152 0.1642455 0.792152 0.2497135 0.7832959 0.2497135 0.7301746 0.1722527 0.7390308 0.1722527 0.7390308 0.2441834 0.7301746 0.2441834 0.2881539 0.4976319 0.2895907 0.4976319 0.2895907 0.5939552 0.2881539 0.5939552 0.5568126 0.2475291 0.5568126 0.2489658 0.54245 0.2489658 0.54245 0.2475291 0.1466848 0.4619172 0.1466848 0.4604805 0.243008 0.4604804 0.243008 0.4619172 0.54245 0.2508699 0.54245 0.2494333 0.5568126 0.2494333 0.5568126 0.2508699 0.5215311 0.2407671 0.6155435 0.2400666 0.6132326 0.2407671 0.5192202 0.2400666 0.6155435 0.2544292 0.5215311 0.2514629 0.6132326 0.2514629 0.5192202 0.2544292 0.7031301 0.1580122 0.7062468 0.2465968 0.7031301 0.2497135 0.7062468 0.1611288 0.7781775 0.2465969 0.7812942 0.1580122 0.7812942 0.2497135 0.7781775 0.1611288  
					<TextureCoords1>: 72 0.05808577 0.4119737 0.05808581 0.6478999 0.3938287 0.6478999 0.3938287 0.4119737 0.7685855 0.4310456 0.4519145 0.4310456 0.4519145 0.6478999 0.7685854 0.6478999 0.3081532 0.1542264 0.308153 0.09563363 0.05808577 0.09563363 0.05808597 0.1542264 0.7876579 0.8364549 0.7876579 0.7890814 0.451915 0.7890813 0.4519149 0.8364548 0.6878407 0.2562813 0.6878405 0.2089078 0.4519145 0.2089078 0.4519147 0.2562813 0.787658 0.9419141 0.7876577 0.8945407 0.4519149 0.8945407 0.4519152 0.9419142 0.7459265 0.2145364 0.7459267 0.2562813 0.9627809 0.2562813 0.9627807 0.2145364 0.05808578 0.2123122 0.05808577 0.2540571 0.3747569 0.2540571 0.3747567 0.2123121 0.4519145 0.109077 0.4519146 0.150822 0.6687688 0.150822 0.6687686 0.109077 0.0580858 0.3121429 0.05808577 0.3538879 0.3747569 0.3538879 0.3747567 0.312143 0.3081532 0.03754783 0.3081531 0.03315198 0.05808577 0.03315198 0.05808582 0.03754783 0.9043365 0.9419142 0.9043365 0.9375184 0.8457438 0.9375184 0.8457438 0.9419142 0.7019823 0.7309955 0.7019823 0.7265997 0.4519149 0.7265997 0.451915 0.7309955 0.9043364 0.8364549 0.9043363 0.832059 0.8457437 0.832059 0.8457437 0.8364549 0.6949112 0.3165107 0.4519145 0.3143671 0.4589851 0.3165107 0.7019818 0.3143671 0.4519145 0.3729598 0.6949112 0.3638842 0.4589851 0.3638842 0.7019818 0.3729598 0.05808729 0.9419127 0.06762172 0.7155236 0.05808577 0.7059878 0.06762317 0.9323768 0.384291 0.7155216 0.3938292 0.9419142 0.3938269 0.7059857 0.3842929 0.9323783  
					<Normals>: 72 0 -1 -1.420363E-07 0 -1 -1.420363E-07 0 -1 -1.420363E-07 0 -1 -1.420363E-07 0 1 1.505906E-07 0 1 1.505906E-07 0 1 1.505906E-07 0 1 1.505906E-07 0 -3.254931E-07 1 0 -3.254931E-07 1 0 -3.254931E-07 1 0 -3.254931E-07 1 -1 0 0 -1 0 0 -1 0 0 -1 0 0 -1.010649E-07 0 -1 -1.010649E-07 0 -1 -1.010649E-07 0 -1 -1.010649E-07 0 -1 1 0 0 1 0 0 1 0 0 1 0 0 0 2.63415E-07 -1 0 2.63415E-07 -1 0 2.63415E-07 -1 0 2.63415E-07 -1 1 0 0 1 0 0 1 0 0 1 0 0 0 0 1 0 0 1 0 0 1 0 0 1 -1 0 0 -1 0 0 -1 0 0 -1 0 0 0 -1 0 0 -1 0 0 -1 0 0 -1 0 -1 0 0 -1 0 0 -1 0 0 -1 0 0 0 1 0 0 1 0 0 1 0 0 1 0 1 0 0 1 0 0 1 0 0 1 0 0 1.930994E-05 -0.0001051082 -1 -3.964489E-05 -3.259994E-05 -1 -1.931004E-05 -0.0001051081 -1 3.964473E-05 -3.259984E-05 -1 -2.055641E-05 2.377588E-05 -1 2.567273E-05 1.946687E-05 -1 -2.567287E-05 1.946686E-05 -1 2.055636E-05 2.377583E-05 -1 0 1 1.341575E-06 -3.066312E-06 1 1.341576E-06 -3.06631E-06 1 1.341578E-06 0 1 1.341577E-06 -3.066313E-06 1 0 0 1 0 -3.06631E-06 1 0 0 1 0  
					<Tangents>: 72 0 0 -1 0 0 -1 0 0 -1 0 0 -1 0 0 1 0 0 1 0 0 1 0 0 1 0 1 0 0 1 0 0 1 0 0 1 0 0 -1 0 0 -1 0 0 -1 0 0 -1 0 0 -1 0 0 -1 0 0 -1 0 0 -1 0 0 -1 0 0 -1 0 0 -1 0 0 -1 0 0 -1 0 0 -1 0 0 -1 0 0 -1 0 0 -1 0 0 -1 0 0 -1 0 0 -1 0 0 -1 0 0 -1 0 0 -1 0 0 -1 0 0 -1 0 0 -1 0 0 -1 0 0 -1 0 0 0 1 0 0 1 0 0 1 0 0 1 0 -1 0 0 -1 0 0 -1 0 0 -1 0 1 0 0 1 0 0 1 0 0 1 0 0 0 -1 0 0 -1 0 0 -1 0 0 -1 0 0.9985774 0.0533234 0 0.9980562 -0.06232116 0 0.9985774 -0.05332353 0 0.9980562 0.06232144 0 0.9855953 0.1691207 0 0.98074 -0.1953184 0 0.9807397 0.1953193 0 0.9855952 -0.1691209 0 0.07575668 0 0.9971263 -0.07591611 0 0.9971142 -0.07881425 0 0.9968893 0.08446091 0 0.9964268 0.08445266 0 0.9964275 -0.0788227 0 0.9968887 0.07574879 0 0.9971269 -0.07592468 0 0.9971136  
					<BiTangents>: 72 -1 0 0 -1 0 0 -1 0 0 -1 0 0 -1 0 0 -1 0 0 -1 0 0 -1 0 0 1 0 0 1 0 0 1 0 0 1 0 0 0 0 -1 0 0 -1 0 0 -1 0 0 -1 1 0 -1.010649E-07 1 0 -1.010649E-07 1 0 -1.010649E-07 1 0 -1.010649E-07 0 0 1 0 0 1 0 0 1 0 0 1 1 0 0 1 0 0 1 0 0 1 0 0 0 0 1 0 0 1 0 0 1 0 0 1 -1 0 0 -1 0 0 -1 0 0 -1 0 0 0 0 -1 0 0 -1 0 0 -1 0 0 -1 1 0 0 1 0 0 1 0 0 1 0 0 0 0 -1 0 0 -1 0 0 -1 0 0 -1 0 0 1 0 0 1 0 0 1 0 0 1 0 0 1 0 0 1 0 0 1 0 0 1 -0.05332339 0.9985772 -0.0001059883 0.06232116 0.9980562 -3.500728E-05 0.05332353 0.9985772 -0.0001059883 -0.06232144 0.9980562 -3.500719E-05 -0.1691207 0.9855953 2.690991E-05 0.1953184 0.9807398 2.410629E-05 -0.1953193 0.9807397 2.410633E-05 0.169121 0.9855953 2.690986E-05 -0.9971263 -1.016333E-07 0.07575669 -0.9971142 -2.955616E-06 -0.07591611 -0.9968893 -2.951036E-06 -0.07881425 -0.9964268 -1.133109E-07 0.08446092 -0.9964275 -3.055358E-06 0.08445266 -0.9968887 0 -0.0788227 -0.9971269 -3.0575E-06 0.07574879 -0.9971136 0 -0.07592468  
					<SubMeshes>: 1
						<SubMesh>: 0 132 0 1 2 0 2 3 4 5 6 4 6 7 8 9 10 8 10 11 12 13 14 12 14 15 16 17 18 16 18 19 20 21 22 20 22 23 24 25 26 24 26 27 28 29 30 28 30 31 32 33 34 32 34 35 36 37 38 36 38 39 40 41 42 40 42 43 44 45 46 44 46 47 48 49 50 48 50 51 52 53 54 52 54 55 56 57 58 56 59 57 58 57 60 61 59 56 58 60 62 61 63 59 62 60 63 62 63 61 64 65 66 64 67 65 66 65 68 69 67 64 66 68 70 69 71 67 70 68 71 70 71 69  
				</Mesh>
				<Materials>: 1
					<Material>: 0
						<AlbedoColor>: 1 1 1 1
						<EmissiveColor>: 1 1 1 1
						<Glossiness>: 0.5
						<Metallic>: 0
						<SpecularHighlight>: 1
						<GlossyReflection>: 1
						<AlbedoMap>: @Table_texture_set_1_Diffuse
						<MetallicMap>: @Table_texture_set_1_Maskmap
						<NormalMap>: @Table_texture_set_1_Normal
						<EmissionMap>: null
						<DetailAlbedoMap>: null
						<DetailNormalMap>: null
				</Materials>
				<Children>: 0
			</Frame>
	</Frame>
</Hierarchy>
