<Hierarchy>:
	<Frame>: 0 2 Katana_LODA
		<Transform>: 0 0 0 0 0 0 0.1 0.1 0.1 0 0 0 1  
		<TransformMatrix>: 0.1 0 0 0 0 0.1 0 0 0 0 0.1 0 0 0 0 1  
		<Children>: 1
			<Frame>: 1 0 Katana_LODA
				<Transform>: 0 0 0 0 0 0 1 1 1 0 0 0 1  
				<TransformMatrix>: 1 0 0 0 0 1 0 0 0 0 1 0 0 0 0 1  
				<Mesh>: 343 Katana_LODA
					<Bounds>: -0.0002000332 20.3795 -5.00679E-05 1.3909 29.3958 3.48385
					<Positions>: 343 -0.6325 7.1462 -3.3631 0.3215 7.1462 -3.4839 -0.3218 7.1462 -3.4839 0.632 7.1462 -3.3631 0.8128 7.1461 -3.0831 -0.8131 7.1461 -3.0831 1.2797 7.1461 -1.3363 -1.2799 7.1461 -1.3363 -0.0003 7.146 -1.1025 0.551 7.1462 -0.9548 -0.5513 7.1462 -0.9548 0.9546 7.1461 -0.5512 -0.9548 7.1461 -0.5512 1.3907 7.1462 -0.0001 1.1022 7.1462 -0.0001 0.9546 7.146 0.5512 -1.3911 7.1462 -0.0001 -1.1026 7.1462 -0.0001 -0.9548 7.146 0.5512 1.2797 7.1461 1.3363 -1.2799 7.1461 1.3363 0.551 7.1461 0.9546 -0.5513 7.1461 0.9546 -0.0003 7.1461 1.1023 -0.8131 7.1461 3.083 0.8128 7.1461 3.083 -0.6325 7.1462 3.363 0.6321 7.1462 3.363 -0.3218 7.1463 3.4838 0.3215 7.1463 3.4838 -0.0003 -9.0162 0.8895 -0.4449 -9.0162 0.7703 0.4447 -9.0162 0.7703 -0.7706 -9.0162 0.4447 0.7702 -9.0162 0.4447 0.8894 -9.0162 -0.0001 -0.8898 -9.0162 -0.0001 -0.7706 -9.0163 -0.4449 0.7702 -9.0163 -0.4449 0.4447 -9.0162 -0.7706 -0.4449 -9.0162 -0.7706 -0.0003 -9.0163 -0.8897 -0.5513 6.8015 0.9547 -0.0003 5.9493 1.1022 -0.0003 6.8016 1.1023 -0.5513 5.9492 0.9546 -0.0003 5.9028 1.002 -0.9548 5.9493 0.5511 -0.9548 6.8016 0.551 -1.1026 6.8015 -0.0001 -0.5013 5.9028 0.8678 -0.5013 5.8405 0.8678 -0.0003 5.8406 1.002 -0.868 5.9028 0.5011 -1.1026 5.9492 0 -0.5013 -6.5531 0.8679 -0.0003 -6.553 1.0021 -0.9548 5.9493 -0.5514 -0.9548 6.8016 -0.5514 -0.5013 -6.6157 0.8679 -0.0003 -6.6156 1.0021 -0.0003 -6.6765 1.1022 -0.5513 -6.6764 0.9546 -0.0003 -8.8106 1.1022 -0.868 -6.6158 0.501 -0.868 -6.5532 0.501 -0.5513 5.9493 -0.9548 -0.5513 6.8015 -0.9548 -0.0003 6.8016 -1.1026 -0.0003 5.9493 -1.1025 0.551 6.8015 -0.9548 -0.5013 5.9029 -0.8681 -0.5513 -8.8106 0.9546 -0.0003 -9.0162 0.8895 -0.4449 -9.0162 0.7703 -0.9548 -8.8107 0.5511 -0.7706 -9.0162 0.4447 -0.8898 -9.0162 -0.0001 -0.9548 -6.6765 0.5511 -1.1026 -8.8105 -0.0003 -0.7706 -9.0163 -0.4449 -1.1026 -6.6766 -0.0002 -0.9548 -8.8106 -0.5513 -0.4449 -9.0162 -0.7706 -1.0023 -6.6156 -0.0001 -0.9548 -6.6765 -0.5513 -0.5513 -8.8107 -0.9548 -0.5513 -6.6766 -0.9548 -0.0003 -8.8106 -1.1025 -0.0003 -9.0163 -0.8897 0.4447 -9.0162 -0.7706 0.551 -8.8107 -0.9548 0.7702 -9.0163 -0.4449 -0.868 -6.6157 -0.5012 -0.0003 -6.6765 -1.1026 0.9546 -8.8106 -0.5513 0.9546 -6.6765 -0.5513 0.8894 -9.0162 -0.0001 1.1022 -8.8105 -0.0003 -0.5013 -6.6156 -0.8681 0.551 -6.6766 -0.9548 0.5009 -6.6156 -0.8681 -0.0003 -6.6156 -1.0022 -0.5013 -6.553 -0.8681 0.9546 -8.8107 0.5511 0.9546 -6.6765 0.5511 0.7702 -9.0162 0.4447 0.4447 -9.0162 0.7703 0.551 -8.8106 0.9546 -0.0003 -8.8106 1.1022 -0.0003 -9.0162 0.8895 -0.0003 -6.6765 1.1022 0.551 -6.6764 0.9546 0.5009 -6.6157 0.8679 -0.0003 -6.6156 1.0021 -0.0003 -6.553 -1.0022 0.5009 -6.5531 0.8679 -0.0003 -6.553 1.0021 0.5009 5.8405 0.8678 -0.0003 5.8406 1.002 0.5009 5.9028 0.8678 -0.0003 5.9028 1.002 0.551 5.9492 0.9546 -0.0003 5.9493 1.1022 -0.0003 6.8016 1.1023 0.551 6.8015 0.9547 0.9546 6.8016 0.551 0.9546 5.9493 0.5511 1.1022 6.8015 -0.0001 0.8676 5.9028 0.5011 0.8676 5.8406 0.5011 1.1022 5.9492 0 0.8676 -6.5532 0.501 1.0021 5.9029 -0.0001 0.9546 5.9493 -0.5514 0.9546 6.8016 -0.5514 1.0021 5.8406 -0.0001 0.8676 5.9028 -0.5012 0.551 5.9493 -0.9548 0.5009 5.9029 -0.8681 -0.0003 5.9028 -1.0023 0.8676 5.8405 -0.5012 1.0021 -6.5531 -0.0001 1.0021 -6.6156 -0.0001 0.8676 -6.5531 -0.5012 0.5009 5.8406 -0.8681 -0.0003 5.8406 -1.0023 -0.5013 5.8406 -0.8681 0.5009 -6.553 -0.8681 0.8676 -6.6158 0.501 -0.868 5.9028 -0.5012 -1.0023 5.9029 -0.0001 -0.868 5.8405 -0.5012 0.8676 -6.6157 -0.5012 1.1022 -6.6766 -0.0002 -1.0023 5.8406 -0.0001 -0.868 -6.5531 -0.5012 -1.0023 -6.5531 -0.0001 -0.868 5.8406 0.5011 -0.0003 7.4644 -1.0118 -0.0003 7.8553 -1.4025 0.3041 7.4644 -0.5564 -0.0003 7.9335 -1.4377 0.3041 14.5545 -0.5587 -0.0003 14.5545 -1.4377 0.3041 7.4645 0.7694 0.3041 21.2202 -0.5027 -0.0003 21.2203 -1.3817 0.3041 14.5545 0.77 0.3041 27.8887 -0.3838 -0.0003 27.8886 -1.2628 0.3041 34.558 -0.2091 -0.0003 34.558 -1.0882 -0.0003 41.227 -0.8015 0.3041 21.2202 0.826 0.3041 27.8887 0.9449 0.3041 41.2269 0.0776 -0.0003 47.6004 -0.3628 0.3041 47.3212 0.4947 -0.0003 47.7857 -0.3501 0.3041 41.2269 1.4063 -0.0003 21.2202 1.2736 -0.0003 14.5545 1.2177 -0.0003 7.6514 1.2177 -0.0003 7.5749 1.1844 -0.0003 7.4646 1.0176 -0.0003 27.8887 1.3926 0.3041 34.5579 1.1196 -0.0003 34.5579 1.5675 -0.0003 41.227 1.8542 0.3041 47.9413 1.859 -0.0003 47.8948 2.3051 -0.0003 49.6877 2.4297 0.3041 47.4978 0.506 0.3041 48.6647 1.9115 -0.0003 49.7753 2.3126 0.3041 47.6347 0.5727 -0.0003 47.9316 -0.2837 -0.0003 49.1992 0.9767 0.3041 48.7145 1.8121 -0.0003 7.4644 -1.0118 -0.3046 7.4644 -0.5564 -0.0003 7.8553 -1.4025 -0.0003 7.9335 -1.4377 -0.0003 14.5545 -1.4377 -0.3046 14.5545 -0.5587 -0.0003 21.2203 -1.3817 -0.3046 7.4645 0.7694 -0.3046 21.2202 -0.5027 -0.0003 27.8886 -1.2628 -0.3046 27.8887 -0.3838 -0.0003 34.558 -1.0882 -0.3046 21.2202 0.826 -0.3046 14.5545 0.77 -0.3046 34.558 -0.2091 -0.0003 41.227 -0.8015 -0.3046 41.2269 0.0776 -0.0003 47.6004 -0.3628 -0.0003 7.6514 1.2177 -0.0003 7.5749 1.1844 -0.0003 7.4646 1.0176 -0.0003 14.5545 1.2177 -0.0003 21.2202 1.2736 -0.0003 27.8887 1.3926 -0.3046 27.8887 0.9449 -0.3046 34.5579 1.1196 -0.0003 34.5579 1.5675 -0.3046 41.2269 1.4063 -0.0003 41.227 1.8542 -0.3046 47.9413 1.859 -0.0003 47.8948 2.3051 -0.0003 49.6877 2.4297 -0.3046 47.3212 0.4947 -0.3046 48.6647 1.9115 -0.3046 47.4978 0.506 -0.0003 47.7857 -0.3501 -0.3046 47.6347 0.5727 -0.0003 47.9316 -0.2837 -0.0003 49.1992 0.9767 -0.3046 48.7145 1.8121 -0.0003 49.7753 2.3126 -0.3218 6.8015 3.4836 0.6321 6.8015 3.3632 0.3215 6.8015 3.4836 -0.6325 6.8015 3.3632 -0.8131 6.8017 3.083 0.8128 6.8017 3.083 -1.2799 6.8016 1.3362 1.2797 6.8016 1.3362 -0.0003 6.8016 1.1023 0.551 6.8015 0.9547 -0.5513 6.8015 0.9547 0.9546 6.8016 0.551 -0.9548 6.8016 0.551 1.3907 6.8015 -0.0001 1.1022 6.8015 -0.0001 0.9546 6.8016 -0.5514 -1.3911 6.8015 -0.0001 -1.1026 6.8015 -0.0001 -0.9548 6.8016 -0.5514 1.2797 6.8016 -1.3362 -1.2799 6.8016 -1.3362 0.551 6.8015 -0.9548 -0.5513 6.8015 -0.9548 -0.0003 6.8016 -1.1026 0.8128 6.8016 -3.0832 -0.8131 6.8016 -3.0832 0.632 6.8016 -3.3631 -0.6325 6.8016 -3.3631 -0.3218 6.8015 -3.4838 0.3215 6.8015 -3.4838 -0.9548 7.146 0.5512 -1.1026 7.3872 -0.0001 -1.1026 7.1462 -0.0001 -0.9548 7.1461 -0.5512 -0.9548 7.3872 -0.5512 -0.5513 7.1462 -0.9548 -0.5513 7.3871 -0.9547 -0.8879 7.4649 -0.5127 -0.0003 7.3871 -1.1026 -0.0003 7.146 -1.1025 -0.5127 7.465 -0.888 0.551 7.3871 -0.9547 0.551 7.1462 -0.9548 0.9546 7.1461 -0.5512 -0.0003 7.4651 -1.0252 0.5123 7.465 -0.888 0.9546 7.3872 -0.5512 0.8875 7.4649 -0.5127 1.1022 7.3872 -0.0001 1.1022 7.1462 -0.0001 1.0249 7.4651 -0.0001 0.8875 7.4649 0.5125 0.9546 7.3871 0.5512 0.9546 7.146 0.5512 -1.0253 7.4651 -0.0001 0.551 7.3872 0.9546 0.551 7.1461 0.9546 -0.8879 7.4649 0.5125 -0.9548 7.3871 0.5512 -0.5127 7.465 0.8877 -0.5513 7.3872 0.9546 -0.5513 7.1461 0.9546 -0.0003 7.3872 1.1023 -0.0003 7.1461 1.1023 0.5123 7.465 0.8877 -0.0003 7.4651 1.0251 0.8128 6.8016 -3.0832 0.632 7.1462 -3.3631 0.8128 7.1461 -3.0831 1.2797 7.1461 -1.3363 0.632 6.8016 -3.3631 1.2797 6.8016 -1.3362 0.3215 6.8015 -3.4838 0.3215 7.1462 -3.4839 1.3907 6.8015 -0.0001 1.3907 7.1462 -0.0001 1.2797 7.1461 1.3363 1.2797 6.8016 1.3362 0.8128 7.1461 3.083 0.8128 6.8017 3.083 -0.3218 7.1462 -3.4839 -0.3218 6.8015 -3.4838 0.6321 7.1462 3.363 0.6321 6.8015 3.3632 0.3215 6.8015 3.4836 0.3215 7.1463 3.4838 -0.3218 6.8015 3.4836 -0.3218 7.1463 3.4838 -0.6325 6.8016 -3.3631 -0.6325 7.1462 -3.3631 -0.8131 7.1461 -3.0831 -0.8131 6.8016 -3.0832 -0.6325 6.8015 3.3632 -0.6325 7.1462 3.363 -1.2799 7.1461 -1.3363 -1.2799 6.8016 -1.3362 -0.8131 7.1461 3.083 -0.8131 6.8017 3.083 -1.2799 6.8016 1.3362 -1.2799 7.1461 1.3363 -1.3911 6.8015 -0.0001 -1.3911 7.1462 -0.0001  
					<Colors>: 0  
					<TextureCoords0>: 343 0.8171 0.7114 0.8214 0.6528 0.8212 0.6924 0.8174 0.6336 0.8078 0.6224 0.8076 0.7223 0.7487 0.5903 0.7487 0.7536 0.7408 0.672 0.7359 0.6345 0.7355 0.7093 0.7212 0.6059 0.7212 0.7388 0.7007 0.5793 0.7007 0.5951 0.6808 0.6084 0.7014 0.7678 0.7013 0.7521 0.6808 0.7413 0.6533 0.5937 0.6533 0.7569 0.6665 0.6379 0.666 0.7128 0.6612 0.6752 0.5942 0.7248 0.5943 0.625 0.5847 0.7136 0.5849 0.6358 0.5806 0.6944 0.5807 0.6548 0.8695 0.9044 0.8547 0.8979 0.8841 0.8965 0.8436 0.8789 0.8946 0.8764 0.8982 0.8496 0.8393 0.8524 0.8428 0.8256 0.8939 0.8232 0.8828 0.8042 0.8533 0.8056 0.8679 0.7978 0.0009 0.966 0.0227 0.9981 0.0009 0.9981 0.0227 0.966 0.0263 0.9981 0.0227 0.9327 0.0009 0.9327 0.0009 0.8991 0.0263 0.966 0.0279 0.966 0.0279 0.9981 0.0263 0.9327 0.0227 0.8991 0.5035 0.966 0.5035 0.9981 0.0227 0.8655 0.0009 0.8655 0.5051 0.966 0.5051 0.9981 0.5095 0.9981 0.5095 0.966 0.5646 0.9981 0.5051 0.9327 0.5035 0.9327 0.0227 0.832 0.0009 0.832 0.0009 0.7985 0.0227 0.7985 0.0009 0.765 0.0263 0.832 0.5646 0.966 0.5737 0.9981 0.5737 0.966 0.5646 0.9327 0.5737 0.9327 0.5737 0.8991 0.5095 0.9327 0.5646 0.8991 0.5737 0.8655 0.5095 0.8991 0.5646 0.8655 0.5737 0.832 0.5051 0.8991 0.5095 0.8655 0.5646 0.832 0.5095 0.832 0.5646 0.7985 0.5737 0.7985 0.5737 0.765 0.5646 0.765 0.5737 0.7315 0.5051 0.8655 0.5095 0.7985 0.5646 0.7315 0.5095 0.7315 0.5737 0.6981 0.5646 0.6981 0.5051 0.832 0.5095 0.765 0.5051 0.765 0.5051 0.7985 0.5035 0.832 0.5646 0.6645 0.5095 0.6645 0.5737 0.6645 0.5737 0.631 0.5646 0.631 0.5646 0.5981 0.5737 0.5981 0.5095 0.5981 0.5095 0.631 0.5051 0.631 0.5051 0.5981 0.5035 0.7985 0.5035 0.631 0.5035 0.5981 0.0279 0.631 0.0279 0.5981 0.0263 0.631 0.0263 0.5981 0.0227 0.631 0.0227 0.5981 0.0009 0.5981 0.0009 0.631 0.0009 0.6645 0.0227 0.6645 0.0009 0.6981 0.0263 0.6645 0.0279 0.6645 0.0227 0.6981 0.5035 0.6645 0.0263 0.6981 0.0227 0.7315 0.0009 0.7315 0.0279 0.6981 0.0263 0.7315 0.0227 0.765 0.0263 0.765 0.0263 0.7985 0.0279 0.7315 0.5035 0.6981 0.5051 0.6981 0.5035 0.7315 0.0279 0.765 0.0279 0.7985 0.0279 0.832 0.5035 0.765 0.5051 0.6645 0.0263 0.8655 0.0263 0.8991 0.0279 0.8655 0.5051 0.7315 0.5095 0.6981 0.0279 0.8991 0.5035 0.8655 0.5035 0.8991 0.0279 0.9327 0.0016 0.02310002 0.0117 0.002499998 0.0022 0.05589998 0.0136 0.0005999804 0.1692 0.06370002 0.1697 0.0079 0.0016 0.1353 0.3263 0.07459998 0.3268 0.01889998 0.1686 0.1433 0.4834 0.08969998 0.4839 0.03399998 0.6405 0.1088 0.641 0.05299997 0.798 0.0794 0.3257 0.1542 0.4828 0.1693 0.7974 0.1351 0.9482 0.1153 0.9408 0.1692 0.9528 0.1167 0.7967 0.2148 0.3254 0.1866 0.1684 0.1757 0.0057 0.1681 0.0039 0.1663 0.0009 0.1593 0.4825 0.2017 0.6398 0.1884 0.6394 0.2208 0.7963 0.2472 0.9546 0.2518 0.9533 0.2841 0.9958 0.2904 0.9449 0.1702 0.9715 0.2555 0.9982 0.2821 0.948 0.1744 0.9564 0.1213 0.9856 0.1997 0.9725 0.2501 0.0016 0.5663 0.0022 0.5335 0.0117 0.5869 0.0136 0.5888 0.1697 0.5815 0.1692 0.5257 0.3268 0.5706 0.0016 0.454 0.3263 0.5148 0.4839 0.5555 0.4834 0.4997 0.641 0.5364 0.3257 0.4352 0.1686 0.4461 0.6405 0.4807 0.798 0.5101 0.7974 0.4543 0.9481 0.4741 0.0057 0.4213 0.0039 0.4231 0.0004 0.4307 0.1684 0.4137 0.3254 0.4028 0.4825 0.3877 0.4828 0.4201 0.6398 0.401 0.6394 0.3686 0.7967 0.3746 0.7963 0.3422 0.9546 0.3377 0.9533 0.3054 0.9958 0.299 0.9408 0.4202 0.9715 0.334 0.9449 0.4192 0.9528 0.4727 0.948 0.415 0.9564 0.4682 0.9856 0.3897 0.9725 0.3393 0.9982 0.3074 0.8166 0.901 0.8119 0.8449 0.8159 0.8624 0.8132 0.9191 0.8056 0.9299 0.804 0.8348 0.7492 0.9627 0.7463 0.8075 0.7384 0.8855 0.7335 0.8516 0.7349 0.9199 0.7203 0.8266 0.7228 0.9451 0.7024 0.7996 0.7025 0.817 0.6848 0.8268 0.7052 0.9724 0.7051 0.955 0.6872 0.9454 0.6583 0.8093 0.6612 0.9646 0.6726 0.8522 0.6741 0.9204 0.6691 0.8864 0.602 0.8422 0.6036 0.9372 0.5942 0.8529 0.5954 0.927 0.5912 0.9093 0.5908 0.8712 0.6808 0.7413 0.7012 0.7406 0.7013 0.7521 0.7212 0.7388 0.7177 0.7291 0.7355 0.7093 0.7292 0.704 0.7154 0.7266 0.7337 0.672 0.7408 0.672 0.7264 0.7034 0.7303 0.6395 0.7359 0.6345 0.7212 0.6059 0.7308 0.673 0.7284 0.642 0.718 0.6153 0.7174 0.6194 0.7008 0.6066 0.7007 0.5951 0.702 0.6112 0.6867 0.6206 0.6843 0.6181 0.6808 0.6084 0.7 0.736 0.6728 0.6432 0.6665 0.6379 0.6845 0.7278 0.684 0.732 0.6736 0.7051 0.6717 0.7077 0.666 0.7128 0.6683 0.6752 0.6612 0.6752 0.6756 0.6438 0.6711 0.6742 0.602 0.8422 0.5851 0.8431 0.5962 0.8243 0.6557 0.7895 0.5942 0.8529 0.6583 0.8093 0.5908 0.8712 0.5802 0.8667 0.7024 0.7996 0.7019 0.779 0.7484 0.7865 0.7463 0.8075 0.8088 0.8174 0.804 0.8348 0.5805 0.9169 0.5912 0.9093 0.8201 0.8322 0.8119 0.8449 0.8159 0.8624 0.8268 0.8563 0.8166 0.901 0.8276 0.904 0.5954 0.927 0.5875 0.9403 0.5988 0.9547 0.6036 0.9372 0.8132 0.9191 0.8226 0.9285 0.6591 0.9854 0.6612 0.9646 0.8114 0.9476 0.8056 0.9299 0.7492 0.9627 0.7519 0.9824 0.7052 0.9724 0.7057 0.9929  
					<TextureCoords1>: 0  
					<Normals>: 343 0 1 0.0003 0 1 0 0 1 0 0 1 0.0003 0 1 0.0001 0 1 0.0001 0 1 0 0 1 0 0 1 0.0002 -0.0001 1 -0.0004 0.0001 1 -0.0004 0 1 0 0 1 0 -0.0001 1 0.0001 0 1 0.0001 -0.0002 1 0 0.0001 1 0.0001 0 1 0.0001 0.0002 1 0 0 1 0 0 1 0 0 1 -0.0001 0 1 -0.0001 0 1 0 0 1 -0.0001 0 1 -0.0001 0 1 -0.0004 0 1 -0.0004 0 0.9999998 -0.0007999998 0 0.9999998 -0.0007999998 0 -0.9047756 0.4258885 -0.2129076 -0.9048321 0.3687131 0.2128997 -0.9047987 0.3687995 -0.3687131 -0.9048321 0.2129076 0.3685147 -0.9049361 0.2128085 0.4258885 -0.9047756 0 -0.4258885 -0.9047756 9.99973E-05 -0.368878 -0.9047461 -0.2129873 0.3687209 -0.9048513 -0.2128121 0.2129111 -0.9047472 -0.3689193 -0.2128918 -0.9047654 -0.3688859 -0.0001000053 -0.9049478 -0.4255224 -0.500011 0 0.8660191 -9.999771E-05 -0.5012885 0.8652802 -0.0001 -0.0001 1 -0.4325088 -0.5016102 0.7492152 0 -0.5825806 0.8127729 -0.7493445 -0.5012298 0.4327257 -0.8660191 0.0001000022 0.500011 -1 0 0 -0.4062907 -0.5828867 0.7036839 -0.500011 0 0.8660191 0 0 1 -0.7038413 -0.5825341 0.4065238 -0.8648759 -0.501986 9.99972E-05 -0.500086 0 0.8659757 0 0 1 -0.7492255 -0.5014171 -0.4327147 -0.8659757 0 -0.500086 -0.4245108 0.5287135 0.7350187 0 0.5280199 0.849232 -9.99995E-05 0.4584977 0.8886955 -0.4442064 0.4590067 0.7694111 0 -0.3690965 0.9293911 -0.7349957 0.5289969 0.4241975 -0.8660874 0 0.4998927 -0.4325793 -0.5014761 -0.7492642 -0.500086 0 -0.8659757 0 -0.0001 -1 -9.999771E-05 -0.5012885 -0.8652802 0.4998927 0 -0.8660874 -0.4063978 -0.5827969 -0.7036963 -0.464594 -0.3691953 0.8048896 0 -0.9047756 0.4258885 -0.2129076 -0.9048321 0.3687131 -0.8047872 -0.3692941 0.4646927 -0.3687131 -0.9048321 0.2129076 -0.4258885 -0.9047756 9.99973E-05 -0.7692996 0.4591998 0.4441998 -0.9294254 -0.3690101 -0.0001000027 -0.368878 -0.9047461 -0.2129873 -0.8886955 0.4584977 0 -0.8048093 -0.3691043 -0.4648054 -0.2128918 -0.9047654 -0.3688859 -0.8491872 0.528092 0.000199997 -0.7693781 0.458887 -0.4443874 -0.4646927 -0.3692941 -0.8047872 -0.4446083 0.4581085 -0.7697143 -9.999904E-05 -0.3690965 -0.9293911 -0.0001000053 -0.9049478 -0.4255224 0.2129111 -0.9047472 -0.3689193 0.464594 -0.3691953 -0.8048896 0.3687209 -0.9048513 -0.2128121 -0.7350647 0.5286747 -0.4244796 -0.0001000035 0.4588162 -0.8885313 0.8048896 -0.3691953 -0.464594 0.7693759 0.4590856 -0.4441861 0.4258885 -0.9047756 0 0.9293911 -0.3690965 -9.999904E-05 -0.4248845 0.5277808 -0.7354731 0.4444734 0.4581726 -0.769754 0.4245938 0.5279922 -0.7354892 0 0.5287039 -0.8488063 -0.500011 0 -0.8660191 0.8048247 -0.3693114 0.4646143 0.7692985 0.4592991 0.4440991 0.3685147 -0.9049361 0.2128085 0.2128997 -0.9047987 0.3687995 0.4644953 -0.3690963 0.8049919 0 -0.3690965 0.9293911 0 -0.9047756 0.4258885 -9.99995E-05 0.4584977 0.8886955 0.4441057 0.459106 0.76941 0.4243019 0.5289025 0.7350034 0 0.5280199 0.849232 -0.0001 0 -1 0.500011 0 0.8660191 0 0 1 0.4998927 0 0.8660874 0 0 1 0.4062121 -0.5830174 0.703621 0 -0.5825806 0.8127729 0.432487 -0.501685 0.7491776 -9.999771E-05 -0.5012885 0.8652802 -0.0001 -0.0001 1 0.4999677 -9.999354E-05 0.866044 0.8660874 0 0.4998927 0.7493018 -0.5014012 0.432601 1 0 0 0.7036173 -0.5828143 0.40651 0.8659074 0 0.5002043 0.8649877 -0.5017929 9.999858E-05 0.8659757 0 0.500086 0.8122715 -0.5832795 -9.999648E-05 0.7491828 -0.5015885 -0.4325901 0.8660191 0 -0.500011 1 0 0 0.7036048 -0.582904 -0.4064028 0.4324981 -0.5014977 -0.7492966 0.4062907 -0.5828867 -0.7036839 -0.0001000025 -0.5825145 -0.8128203 0.8659757 0 -0.500086 1 0 0 0.8493048 0.5279029 0 0.8659757 0 -0.500086 0.500011 0 -0.8660191 -0.0001 0 -1 -0.500086 0 -0.8659757 0.500011 0 -0.8660191 0.7345861 0.52949 0.4242919 -0.7038164 -0.5827135 -0.4063095 -0.8120613 -0.5835721 -9.999523E-05 -0.8660874 0 -0.4998927 0.7348025 0.5291018 -0.4244015 0.8889006 0.4581003 -0.0001000001 -1 0 0 -0.8660874 0 -0.4998927 -1 0 0 -0.8660191 0 0.500011 0.7267828 -0.4855885 -0.4857885 0.8749251 -0.2350068 -0.4234122 0.9768398 -0.07810319 -0.1992081 0.9360173 -0.04770089 -0.3487065 0.9860757 0.0006999827 -0.1662959 0.9449483 0.001400072 -0.3272167 0.9446626 -0.09499624 0.3139876 0.9860572 0.002199904 -0.1663928 0.9449405 0.004300185 -0.327214 0.95599 -0.001199988 0.2933969 0.9860692 0.003699885 -0.1662948 0.9449247 0.007200188 -0.3272086 0.9859744 0.00579985 -0.1667957 0.9448888 0.01129987 -0.3271962 0.9448146 0.01810028 -0.327105 0.9560118 -0.003800047 0.2933036 0.9559711 -0.006399807 0.2933911 0.9858788 0.009399798 -0.1671964 0.9444396 0.02250094 -0.3279137 0.9860287 0.01110032 -0.1662048 0.9476504 0.0808043 -0.3089164 0.9563137 -0.01600023 0.2919042 0.8269467 -0.007400418 0.5622317 0.826952 -0.002399861 0.5622674 0.8067082 -0.0877009 0.584406 0.6834809 -0.4030887 0.608583 0.4097865 -0.7609749 0.5029835 0.8269057 -0.01240009 0.5622039 0.9561831 -0.01009982 0.2925949 0.826905 -0.01950012 0.5620034 0.8266894 -0.0311996 0.5617928 0.9558992 -0.02019998 0.2929997 0.8272752 -0.03839885 0.5604832 0.9557139 0.1586023 0.2479036 0.9833539 0.0447979 -0.1760917 0.9577168 0.04080072 0.284805 0.9651453 0.2573121 0.04780225 0.9824619 0.1145956 -0.1470943 0.9449598 0.1792924 -0.2736883 0.9419088 0.2741026 -0.1941018 0.9816627 0.184793 -0.04679822 -0.7269006 -0.4855004 -0.4857004 -0.976852 -0.07799617 -0.1991902 -0.8749856 -0.2349962 -0.423293 -0.9360667 -0.04759831 -0.3485876 -0.9449901 0.001299986 -0.3270966 -0.9860757 0.0006999827 -0.1662959 -0.9449821 0.004299919 -0.3270938 -0.9446923 -0.09499922 0.3138974 -0.9860735 0.002199941 -0.1662955 -0.9449664 0.007199744 -0.3270884 -0.9860692 0.003699885 -0.1662948 -0.9449198 0.01130024 -0.3271069 -0.9560118 -0.003800047 0.2933036 -0.95599 -0.001199988 0.2933969 -0.9859908 0.005799946 -0.1666984 -0.9448146 0.01810028 -0.327105 -0.9858952 0.009399954 -0.1670992 -0.9444108 0.02240025 -0.3280037 -0.8068446 -0.08760484 0.5842323 -0.6836033 -0.4030019 0.608503 -0.4099009 -0.7609016 0.5030011 -0.827045 -0.00240013 0.5621306 -0.8270248 -0.007400222 0.5621168 -0.8269838 -0.01239976 0.562089 -0.9559991 -0.006399994 0.2932997 -0.9562111 -0.01010012 0.2925034 -0.8269831 -0.0194996 0.5618885 -0.9563503 -0.01599917 0.2917848 -0.8267675 -0.03119877 0.5616779 -0.9559272 -0.02020057 0.2929083 -0.8273531 -0.03839782 0.5603682 -0.9569286 0.1570047 0.2442073 -0.9860452 0.01110051 -0.1661076 -0.9577075 0.04240033 0.2846022 -0.983384 0.04489927 -0.1758971 -0.9476427 0.08090364 -0.3089139 -0.982473 0.1144969 -0.147096 -0.9450026 0.1792005 -0.2736007 -0.9419641 0.2739896 -0.1939926 -0.9815769 0.1855956 -0.04539893 -0.965902 0.2544005 0.0481001 0 -1 0 0 -0.9999999 -0.0006 0 -1 0 0 -0.9999999 -0.0006 0 -1 -0.0002 0 -1 -0.0002 0 -1 0.0001 0 -1 0.0001 0 -1 0.0001 0 -1 0.0002 0 -1 0.0002 0 -1 0 0 -1 0 -0.0001 -1 0 0 -1 0 0 -1 0 0.0001 -1 0 0 -1 0 0 -1 0 0 -1 0 0 -1 0 0 -1 -0.0002 0 -1 -0.0002 0 -1 -0.0001 0 -1 0 0 -1 0 0 -1 0.0001 0 -1 0.0001 0 -0.9999998 0.0007999998 0 -0.9999998 0.0007999998 -0.8659757 0 0.500086 -0.9327645 0.3604863 0 -1 0 0 -0.8660191 0 -0.500011 -0.8076949 0.3606977 -0.466397 -0.500086 0.0001999944 -0.8659757 -0.4667117 0.3600091 -0.8078203 -0.3775893 0.8998746 -0.2182938 0 0.3601916 -0.9328783 0.0001 -0.0003 -1 -0.2186003 0.8995013 -0.3783005 0.4665958 0.3599968 -0.8078927 0.4998927 0.0003999941 -0.8660873 0.8660191 0 -0.500011 0 0.8999961 -0.4358981 0.2183032 0.8996134 -0.3782056 0.8076913 0.3610961 -0.466095 0.3770915 0.9001798 -0.2178951 0.9327515 0.3605199 0 1 0 0 0.4363005 0.899801 0 0.3772113 0.9001269 0.2179065 0.8075812 0.3610916 0.4662891 0.8660191 0 0.500011 -0.4363005 0.899801 0 0.466397 0.3606977 0.8076949 0.4998927 0 0.8660874 -0.3776058 0.8999137 0.2181033 -0.8076863 0.3605939 0.4664921 -0.2181033 0.8999137 0.3776058 -0.466393 0.3604946 0.8077879 -0.500011 0 0.8660191 -9.999768E-05 0.3601916 0.9328783 -0.0001 0 1 0.2180049 0.9000204 0.3774086 -0.0001000001 0.899801 0.4363005 0.9141864 9.99985E-05 -0.4052939 0.6319845 0 -0.774981 0.9141864 9.99985E-05 -0.4052939 0.9852352 0 -0.1712061 0.6318755 0 -0.7750699 0.9852352 0 -0.1712061 0.1843912 -0.0001999904 -0.9828529 0.1844093 -0.0003000151 -0.9828495 1 0 0 1 0 0 0.9852352 0 0.1712061 0.9852352 0 0.1712061 0.9142234 0 0.4052104 0.914277 9.999747E-05 0.4050898 -0.1842946 -0.0001999941 -0.9828711 -0.184198 -0.0002999967 -0.9828892 0.6319845 9.999754E-05 0.774981 0.6317062 0.000500005 0.7752077 0.1841013 -0.0003000022 0.9829072 0.1843911 -0.0005999712 0.9828528 -0.1837934 -0.0005999785 0.9829647 -0.1840047 -0.0003000077 0.9829253 -0.6320935 0 -0.7748922 -0.6322026 0 -0.7748032 -0.9143139 0.0001000015 -0.4050061 -0.914277 9.999747E-05 -0.4050898 -0.6319245 0.0001000039 0.77503 -0.6322024 0.000500002 0.774803 -0.9852352 0 -0.1712061 -0.9852352 0 -0.1712061 -0.9143139 0.0001000015 0.4050061 -0.9143673 0 0.4048855 -0.9852352 0 0.1712061 -0.9852352 0 0.1712061 -1 0 0 -1 0 0  
					<Tangents>: 343 0.01150504 0.0002999802 -0.9999338 0.01310842 0 -0.9999141 0.01693615 0 -0.9998566 0.005670351 0.0002999952 -0.9999839 0.02260718 9.997443E-05 -0.9997444 0.006369251 9.999797E-05 -0.9999797 0.05202407 0 -0.9986458 -0.06399482 0 -0.9979503 -0.0008704697 0.0001999999 -0.9999996 0.127908 -0.0003839236 -0.9917859 -0.1290162 -0.0003837553 -0.9916424 0.07878954 0 -0.9968913 -0.1131074 0 -0.9935827 -0.03164606 9.678533E-05 -0.9994992 -0.04064659 9.991737E-05 -0.9991736 -0.1146986 -2.293972E-05 -0.9934003 -0.03152829 0.0001031031 -0.9995029 -0.0409356 9.991616E-05 -0.9991617 0.07815647 -1.563129E-05 -0.996941 -0.05944118 0 -0.9982318 0.0578646 0 -0.9983245 -0.1309578 -9.913879E-05 -0.9913879 0.1316917 -9.912907E-05 -0.9912907 -0.004220003 0 -0.9999912 0.004722476 -9.999888E-05 -0.9999889 -0.01025297 -9.999473E-05 -0.9999474 0.008264891 -0.0003999863 -0.9999658 0.01782535 -0.0003999364 -0.999841 0.01168591 -0.0007999451 -0.9999315 0.01610828 -0.000799896 -0.9998699 0.9997222 0.01003774 0.02132321 0.9767748 -0.1877295 0.10329 0.9767567 0.2067066 -0.05673561 0.9292001 -0.3524336 0.1112564 0.9292582 0.3650613 -0.05665169 0.9043763 0.4257286 0.02930097 0.9043838 -0.4257289 0.02906577 0.9291074 -0.3652816 -0.05769538 0.9292125 0.3525275 0.1108534 0.9767793 0.1877646 0.1031825 0.976767 -0.2065232 -0.05722162 0.999715 -0.0102477 0.02156139 -1.856856E-05 -1 -1.072277E-05 0 -0.8652804 -0.5012882 0 -1 -0.0001 0.2381495 -0.865002 -0.4416517 0.02734425 -0.8124682 -0.5823639 0.4272443 -0.8652348 -0.2623567 -3.579048E-05 -1 0.0001380072 0 -1 8.011085E-05 0.3027878 -0.8124831 -0.4981875 0 -1 0 0 -1 0 0.5115232 -0.8127247 -0.2789671 0.501986 -0.8648757 -0.000332032 0 -1 0 0 -1 0 0.4269751 -0.8651165 0.263184 0 -1 0 -0.252198 -0.8487164 0.4648405 0 -0.8492323 0.5280194 -0.02857531 -0.888334 0.4583079 -0.2416552 -0.888345 0.3904432 0 -0.9293911 -0.3690964 -0.4581743 -0.8486237 0.264413 0 -1 0 0.2505147 -0.8651718 0.4344194 0 -1 0 0 -1 9.999999E-05 0.01404411 -0.8651956 0.5012378 1.611792E-05 -1 0 0.2911774 -0.8126177 0.5048447 0.1573566 -0.9288961 -0.3352475 0.1079002 -0.4233846 -0.8995016 0.498133 -0.4251817 -0.7557011 0.3198132 -0.9293123 -0.1846568 0.7835135 -0.4257905 -0.4525583 0.9035098 -0.4252777 -0.052999 -0.3977118 -0.888333 0.2295426 0.368822 -0.9289618 0.03162598 0.8091196 -0.4253057 0.4055125 -0.458454 -0.8886108 0.01381189 0.3038047 -0.9289319 0.211632 0.4524172 -0.4258853 0.7835434 -0.528041 -0.849099 -0.01426521 -0.404525 -0.8884026 -0.2170262 0.184715 -0.9293125 0.3197789 -0.2412107 -0.8888096 -0.38966 4.793519E-05 -0.9293909 0.3690968 3.412728E-05 -0.4255551 0.9049324 -0.4051844 -0.4253705 0.80925 -0.2116213 -0.9288952 0.3039247 -0.7558014 -0.4251538 0.4980046 -0.4509444 -0.8487447 -0.2761912 1.84771E-05 -0.8885314 -0.4588158 -0.3352633 -0.9288952 0.1573287 0.3977938 -0.8883919 -0.2291727 -0.9047838 -0.4258708 0.0005309851 -0.3690963 -0.9293911 0.0003429239 -0.2517051 -0.8492947 -0.4640506 0.229237 -0.8888634 -0.3967017 0.2641645 -0.8492489 -0.4571579 0 -0.8488063 -0.5287039 0 -1 0 -0.3198794 -0.9293061 -0.1845732 0.3980114 -0.8882816 0.2292223 -0.7837787 -0.4255719 -0.4523045 -0.4522569 -0.4258386 -0.7836614 -0.1844105 -0.9293911 -0.3197262 -0.06291352 -0.9275499 -0.3683656 0 -0.4258719 -0.9047835 0.02861062 -0.8883305 0.4583127 0.2297049 -0.8883815 0.3975099 0.2646491 -0.8486827 0.4579286 0 -0.8492323 0.5280194 0 -1 0 0 -1 0 0 -1 0 0 -1 0 0 -1 0 -0.3032911 -0.8123845 -0.4980421 -0.02737495 -0.8124676 -0.5823635 -0.2385716 -0.8649642 -0.4414979 0 -0.8652804 -0.5012882 0 -1 -9.999999E-05 0 -1 -0.0001159334 -1.857168E-05 -1 3.217503E-05 -0.4276596 -0.8651411 -0.2619888 0 -1 8.012352E-05 -0.5120214 -0.8125162 -0.2786601 0 -1 0 -0.5017929 -0.8649877 -0.0003326616 0 -1 0 -0.5832802 -0.8122709 -0.0005711143 -0.4273718 -0.8650225 0.2628485 0 -1 0 0 -1 0 -0.5116529 -0.8124628 0.2794914 -0.2386999 -0.8650762 0.4412092 -0.3034451 -0.8124747 0.497801 -0.01363776 -0.8127444 0.5824608 0 -1 0 0 -1 0 0.5279027 -0.8493047 -0.0004687524 0 -1 0 0 -1 0 0 -1 0 0 -1 0 0 -1 0 0.4588431 -0.8483158 0.2642408 0.5112324 -0.8126069 0.2798422 0.5835731 -0.8120604 -0.0005702931 0 -1 0 0.4585067 -0.8485581 -0.2640466 0.4581002 -0.8889005 -0.0004887783 0 -1 0 0 -1 0 0 -1 0 0 -1 0 0.4271821 0.8733824 -0.2339204 0.2105087 0.971991 -0.1044964 0.06892072 0.9962329 -0.05262878 0.03847511 0.9987032 -0.03333941 -0.003760575 0.9998293 -0.01809033 -0.007493891 0.9998212 -0.01736318 0.08336484 0.9952487 0.05030372 -0.005367216 0.9998129 -0.01858788 -0.01070003 0.999785 -0.01776097 0.006403049 0.9998388 -0.01677405 -0.007057941 0.9997829 -0.01960697 -0.01399699 0.9997323 -0.01842202 -0.009376991 0.9997424 -0.02066671 -0.01853808 0.9996474 -0.01901165 -0.02595277 0.9994699 -0.0196569 0.009081332 0.9998203 -0.01664656 0.01194904 0.9997819 -0.01712571 -0.01321152 0.9996772 -0.02170022 -0.03663576 0.9986438 -0.03699094 -0.01552252 0.9995585 -0.02533147 -0.09889152 0.9941548 -0.04332127 0.02194798 0.9996127 -0.01711221 0.01833754 0.9997364 -0.01381228 0.01288714 0.9998091 -0.01468632 0.08614679 0.9958147 0.03052423 0.3240604 0.9146037 0.2418364 0.5218642 0.6478324 0.5549513 0.02410705 0.9996195 -0.01340953 0.01590863 0.9997206 -0.01748002 0.03209506 0.9994061 -0.01254625 0.04463205 0.9989514 -0.01019941 0.0230419 0.9997149 -0.006250877 0.04246211 0.9990814 0.005773108 -0.167614 0.9857303 0.01553852 -0.04923064 0.9985691 -0.02088315 -0.03246987 0.9988972 -0.03391384 -0.2576567 0.9662359 0.001082298 -0.1184364 0.9928058 -0.01759478 -0.1940238 0.9806111 -0.02750789 -0.2815276 0.9594876 -0.01120741 -0.1870742 0.9810612 -0.05022208 -0.4270626 0.873437 -0.2339343 -0.0688363 0.9962447 -0.05251688 -0.2104862 0.9719935 -0.1045193 -0.03844203 0.9987111 -0.0331413 0.007432919 0.9998192 -0.01750029 0.003762379 0.9998291 -0.01810102 0.01063681 0.9997888 -0.01758694 -0.0851736 0.9953537 0.04490379 0.00535142 0.9998145 -0.01850537 0.01397511 0.9997336 -0.01836867 0.007049981 0.9997838 -0.01955973 0.01852897 0.999648 -0.01899114 -0.009080114 0.9998203 -0.01664259 -0.006385769 0.9998399 -0.01671775 0.009357398 0.9997447 -0.02056315 0.02598493 0.9994672 -0.01974994 0.01320812 0.9996774 -0.02169311 0.03614436 0.9987028 -0.03586523 -0.08624236 0.9958158 0.03021776 -0.3376991 0.9137695 0.2257979 -0.5791706 0.6431438 0.5009267 -0.01288333 0.9998092 -0.01468596 -0.0183296 0.9997366 -0.01380631 -0.02410467 0.9996195 -0.01341271 -0.01194812 0.9997819 -0.01712855 -0.01588188 0.9997224 -0.0173985 -0.03208819 0.9994063 -0.01254406 -0.02189636 0.9996164 -0.01695619 -0.04455112 0.9989562 -0.01008979 -0.02299083 0.9997172 -0.006086402 -0.04263872 0.9990754 0.005505393 0.1683469 0.9853808 0.0261535 0.01527014 0.999599 -0.02384587 0.0303358 0.9984497 -0.04666806 0.04971051 0.9984978 -0.02304011 0.09806525 0.9943592 -0.04041111 0.1183679 0.9928101 -0.01780883 0.192255 0.9811108 -0.02143965 0.2813181 0.9595544 -0.01074024 0.1881605 0.9802499 -0.06087599 0.2555202 0.9666235 0.0186676 0.01056071 0 0.9999442 -0.03738982 -0.0005995804 0.9993006 -0.1554661 0 0.9878412 -0.007837399 -0.0005999816 0.9999691 -0.04024081 -0.000199838 0.99919 -0.02713075 -0.0001999264 0.9996319 -0.03845564 9.992602E-05 0.9992602 0.002024596 9.99998E-05 0.999998 -0.02749299 9.99622E-05 0.999622 0.01843562 0.000199966 0.99983 -0.06371501 0.0001995936 0.997968 0.01527153 0 0.9998834 -0.03810989 0 0.9992736 -0.00673042 0 0.9999774 -0.003001454 0 0.9999955 -0.03936358 0 0.999225 -0.007818824 0 0.9999695 -0.004514416 0 0.9999899 0.01391498 0 0.9999032 -0.04476583 0 0.9989975 -0.004806028 0 0.9999884 -0.05808546 -0.0001996623 0.9983115 0.01883142 -0.0001999645 0.9998227 -0.0353771 -9.993741E-05 0.9993741 -0.01993971 0 0.9998012 -0.006424916 0 0.9999794 -0.01059382 9.999437E-05 0.9999439 -0.03045741 9.995361E-05 0.999536 -0.06770261 0.0007981643 0.9977053 0.01253865 0.0007999369 0.9999211 -0.3948984 0.6135493 -0.683822 -0.01431327 -0.03703636 -0.9992114 0 -0.03922144 -0.9992305 0.3821325 -0.6449186 -0.6618571 0.1232303 -0.6702948 -0.7317919 0.3251736 -0.9267796 -0.1879942 0.06896953 -0.8958032 -0.4390671 -0.1599825 -0.2955953 -0.9418221 -0.05392762 -0.9315209 -0.3596673 -0.03846167 -0.99926 0.0002959332 -0.1711168 -0.4170051 -0.8926511 -0.1740164 -0.8582016 -0.4829166 -0.287453 -0.9432384 -0.1663489 -0.3953964 -0.6121016 -0.6848308 -0.07515273 -0.4346654 -0.8974508 -0.01466096 -0.3844861 -0.9230143 -0.232002 -0.5321076 -0.8142706 0.00228485 -0.2361656 -0.9717102 -0.008513221 0.02202366 -0.9997212 0 0.02768167 -0.9996167 -0.02070141 0.01003783 -0.9997353 -0.1602987 0.2951965 -0.9418935 0.1402065 0.6504313 -0.7465127 0.3704925 0.6715364 -0.6416964 -0.02070192 -0.01003806 -0.9997353 0.07457276 0.8938044 -0.4422133 0.2799517 0.946318 -0.1615834 -0.003442681 0.2341759 -0.9721881 -0.2342777 0.5297756 -0.8151391 -0.02580488 0.3814678 -0.9240219 -0.2110164 0.8414855 -0.4973674 -0.2739266 0.9486573 -0.1581571 -0.07461023 0.9302757 -0.3591941 0 1 0 -0.18058 0.4172328 -0.8906782 -0.08207127 0.4348212 -0.8967691 0.3350503 -0.5628539 0.7556036 0.3784447 -0.8726616 0.308612 0.3355229 -0.5611375 0.7566698 0.1670774 -0.2182841 0.9614766 0.4240488 -0.8370618 0.3457023 0.1672011 -0.2150279 0.9621885 0.1635086 -0.9860587 0.03087318 0.1673224 -0.9853926 0.03169519 0 -0.01789903 0.9998398 0 -0.01855275 0.9998279 -0.1682739 0.184281 0.9683617 -0.1682341 0.1855147 0.968133 -0.3537324 0.4877886 0.7980825 -0.355153 0.4811899 0.8014503 -0.30733 -0.9498448 0.05781821 -0.3546301 -0.9326214 0.06674389 -0.4512493 0.8130436 0.3678779 -0.5131621 0.7498021 0.4176861 -0.3401106 0.9382057 0.06399022 -0.1920566 0.9807 0.03662929 0.07223959 0.9972875 0.01411484 0.1810597 0.9828774 0.03419526 -0.4649684 -0.7999687 0.3792817 -0.4329795 -0.8292853 0.353291 -0.352863 -0.4910285 0.796479 -0.3678349 -0.4191053 0.8300893 0.3551386 0.8888711 0.2894561 0.2889585 0.9280057 0.2351776 -0.1685585 -0.1751822 0.9699996 -0.1686902 -0.1708017 0.9707577 0.3355733 0.5600795 0.7574309 0.3636243 0.4398114 0.8211841 0.1668142 0.2250463 0.959962 0.1668316 0.2246066 0.960062 0 0.01803155 0.9998374 0 0.01862429 0.9998266  
					<BiTangents>: 343 0.9999338 -3.45151E-06 0.01150503 0.9999141 0 0.01310842 0.9998566 0 0.01693615 0.9999839 -1.701105E-06 0.005670351 0.9997444 -2.260718E-06 0.02260718 0.9999797 -6.369251E-07 0.006369251 0.9986458 0 0.05202407 0.9979503 0 -0.06399482 0.9999996 1.740939E-07 -0.0008704696 0.991786 0.0001503418 0.1279079 0.9916425 -0.0001507707 -0.1290162 0.9968913 0 0.07878954 0.9935828 0 -0.1131074 0.9994991 0.0001031145 -0.03164605 0.9991736 4.064659E-06 -0.04064659 0.9934003 0.0001986801 -0.1146986 0.9995029 -9.679746E-05 -0.0315283 0.9991618 4.09356E-06 -0.0409356 0.9969411 -0.0001993882 0.07815648 0.9982318 0 -0.05944118 0.9983245 0 0.0578646 0.991388 -1.309578E-05 -0.1309578 0.9912907 1.316917E-05 0.1316917 0.9999911 0 -0.004220003 0.9999888 4.722475E-07 0.004722476 0.9999474 -1.025297E-06 -0.01025297 0.9999658 3.305956E-06 0.00826489 0.9998412 7.130138E-06 0.01782535 0.9999318 9.348728E-06 0.01168591 0.9998702 1.288662E-05 0.01610828 0.02356768 -0.4257703 -0.9045243 0.02424176 -0.3821408 -0.9237861 0.02489897 -0.3723063 -0.9277759 0.02563259 -0.2388554 -0.9707168 0.02642198 -0.218631 -0.9754498 0.0265108 0.01247895 -0.9995706 0.02625543 -0.01246921 -0.9995775 0.02560067 0.2191706 -0.9753506 0.0252837 0.2386216 -0.9707834 0.0240841 0.3823214 -0.9237155 0.02441135 0.3724976 -0.9277121 0.02387256 0.4253991 -0.904691 -0.8660191 2.144223E-05 -0.500011 -1 5.012767E-05 -8.652605E-05 -1 1E-08 -0.0001 -0.8696097 0.01259298 -0.4935792 -0.9996261 -0.02222466 -0.01593023 -0.5059103 0.01171592 -0.8625065 -0.500011 -0.0001016213 -0.8660191 0 -8.011085E-05 -1 -0.8621181 -0.01065796 -0.5065953 -0.8660191 0 -0.500011 -1 0 0 -0.4928998 -0.01159779 -0.8700088 -0.0002531605 0.0002369692 -0.9999999 -0.8659757 0 -0.500086 -1 0 0 0.5063136 -0.01242574 -0.8622599 0.500086 0 -0.8659757 -0.8695899 -0.0119596 -0.4936298 -1 0 0 -0.9995916 0.02534892 -0.01319055 -0.8627186 0.0124948 -0.5055299 -1 0 0 -0.4998577 1.398695E-05 -0.8661075 -0.4998927 0 -0.8660874 0.8660932 -0.0002191803 -0.4998825 0.8659757 0 -0.500086 1 0 0 0.9999014 0.01210197 -0.007126668 0.8660874 1.395953E-05 0.4998927 0.8660581 -0.0002673751 -0.4999434 -0.8714306 0.02909927 -0.4896548 -0.9941618 -0.04595345 -0.09762544 -0.8405525 -0.02277369 -0.5412511 -0.5000374 -5.39498E-06 -0.8660039 -0.5001433 4.82404E-05 -0.8659426 -0.04799473 0.02248132 -0.9985946 -0.5000033 7.649476E-05 -0.8660235 0.0117632 -0.02935711 -0.9994998 0.4574706 0.02274757 -0.8889338 -0.006332721 -0.01227457 -0.9999046 0.5098869 -0.0291133 -0.8597487 0.866026 8.033391E-05 -0.499999 0.007363527 0.01221944 -0.9998983 0.4943854 -0.01279055 -0.8691487 0.8659914 5.733709E-05 -0.5000589 0.862636 -0.01241728 -0.5056728 1 7.641217E-06 -0.0001106309 1 -7.59761E-05 -7.344118E-05 0.889094 0.022818 0.4571555 0.8598657 -0.02913018 0.5096887 0.5410979 0.02278104 0.840651 0.5062901 0.01160172 -0.8622852 1 6.230068E-05 -8.037867E-05 0.4896441 -0.02912912 0.8714357 0.4998211 0.0003744995 0.8661285 0.0004804224 0.0002261405 0.9999999 0.0002195102 0.0002818012 0.9999999 0.8695504 0.01204557 -0.4936973 0.8659641 0.0001327662 0.5001063 0.8659892 0.0001837225 0.5000626 1 0 0 0.8660191 0 -0.500011 -0.4999338 7.145551E-05 0.8660635 -0.4997667 -0.0004160934 0.86616 -0.4998721 0.0001138871 0.8660992 -0.8661048 -4.912981E-05 0.4998624 -0.8661622 -6.233428E-05 0.4997631 -0.998019 0.05847127 0.02322116 -1 0 0 -0.9995906 -0.02547195 0.01302907 -0.8660288 -0.0002008336 0.4999942 -0.8659843 -0.0002180239 0.5000713 -1 0 0 1 0 -0.0001 -0.8660191 0 0.500011 -1 0 0 -0.8660874 0 0.4998927 -1 0 0 -0.861978 0.01109129 0.5068244 -0.9996252 0.02224962 0.01594812 -0.8695047 -0.01220964 0.4937736 -1 5.012767E-05 -8.652605E-05 -1 9.999999E-09 -0.0001 -0.866044 -5.796293E-05 0.4999677 -0.4998927 3.715024E-05 0.8660874 -0.5056224 -0.01130274 0.8626808 0 8.012352E-05 1 -0.492703 0.01207179 0.8701138 -0.5002043 0 0.8659074 -0.0002534248 -0.0002375697 0.9999999 -0.500086 0 0.8659757 -0.000251895 -0.0005222258 0.9999998 0.5060419 0.01204479 0.8624247 0.500011 0 0.8660191 0 0 1 0.4931038 -0.0112857 0.8698973 0.8694641 0.01196509 0.4938513 0.861887 -0.01127748 0.5069751 0.999907 -0.0111433 0.00786292 0.500086 0 0.8659757 0 0 1 0.0002474557 -0.0003981137 0.9999999 0.500086 0 0.8659757 0.8660191 0 0.500011 1 0 -0.0001 0.8659757 0 -0.500086 0.8660191 0 0.500011 -0.4998464 -0.0005758107 0.8661139 0.4932377 0.01076105 -0.869828 -0.000251605 0.0005214675 -0.9999998 0.4998927 0 -0.8660874 0.4998369 0.0005687888 0.8661194 0.0003127996 -0.0003886652 0.9999999 0 0 -1 0.4998927 0 -0.8660874 0 0 -1 -0.500011 0 -0.8660191 -0.5378682 0.03751081 -0.842194 -0.4361102 -0.002294609 -0.8998904 -0.2025682 -0.03768033 -0.978543 -0.3498446 -0.01778975 -0.9366388 -0.1662548 -0.0184638 -0.98591 -0.3271339 -0.01885943 -0.9447898 0.3172744 0.02134451 -0.9480935 -0.1663207 -0.01922178 -0.9858844 -0.3270673 -0.02028426 -0.9447833 0.2933295 -0.01791446 -0.9558435 -0.1661861 -0.02050752 -0.9858811 -0.3269883 -0.02198735 -0.9447725 -0.1666329 -0.02194089 -0.9857749 -0.326866 -0.02402949 -0.9447652 -0.3265759 -0.0270614 -0.9447835 0.2931876 -0.01857789 -0.9558744 0.2932175 -0.01987743 -0.9558391 -0.1669385 -0.02360271 -0.9856848 -0.3266367 -0.04694908 -0.9439832 -0.1658503 -0.02755748 -0.9857658 -0.3036102 -0.07160264 -0.950102 0.2915173 -0.02277135 -0.9562945 0.5619813 -0.02173197 -0.8268644 0.5621248 -0.01939089 -0.8268251 0.5846371 -0.02572056 -0.8108872 0.6540938 -0.03192708 -0.7557393 0.7481529 -0.03507755 -0.6625986 0.5618237 -0.0246415 -0.82689 0.2923366 -0.02136889 -0.9560767 0.561425 -0.02841209 -0.8270398 0.5608855 -0.03350571 -0.8272151 0.2927899 -0.01272648 -0.9560921 0.56019 -0.01902335 -0.8281457 0.2419016 0.05640249 -0.9686601 -0.1749042 -0.02920463 -0.9841523 0.2858746 -0.02323227 -0.9579853 0.04590976 0.01336114 -0.9988562 -0.1440198 -0.03470752 -0.988966 -0.2634499 -0.07909589 -0.961425 -0.1831663 -0.06520139 -0.9809174 -0.03663123 -0.05805587 -0.9976411 -0.5378039 -0.03737753 0.842241 -0.2025383 0.0375897 0.9785526 -0.4359997 0.002355552 0.8999437 -0.3497158 0.01762206 0.9366901 -0.3270147 0.01896888 0.9448288 -0.1662548 0.01847465 0.9859098 -0.3269491 0.02009858 0.9448282 0.3167048 -0.01568449 0.9483945 -0.166224 0.01913757 0.9859023 -0.326869 0.02192887 0.9448152 -0.1661865 0.02045963 0.9858821 -0.3267771 0.02400606 0.9447966 0.2931876 0.01857374 0.9558744 0.2933299 0.01785557 0.9558445 -0.1665366 0.02183495 0.9857935 -0.3265733 0.02715983 0.9447816 -0.1668414 0.0235942 0.9857014 -0.3267749 0.045727 0.9439954 0.5844349 0.02600454 0.8110237 0.6470285 0.0511347 0.7607493 0.7046579 0.08599315 0.704317 0.5619881 0.01938806 0.8269181 0.5618666 0.02172154 0.8269426 0.5617087 0.02464106 0.826968 0.2931262 0.01987926 0.9558671 0.2922465 0.02128215 0.9561062 0.5613104 0.02840371 0.8271179 0.2914016 0.02260508 0.9563337 0.5607769 0.03336529 0.8272945 0.2927025 0.01255236 0.9561211 0.5600615 0.01933848 0.8282253 0.2365309 -0.06613855 0.9693703 -0.1657763 0.02604959 0.9858192 0.2861398 0.03606072 0.9575091 -0.1745984 0.03140122 0.9841389 -0.303902 0.06858901 0.9502311 -0.1439993 0.03490813 0.9889619 -0.2645906 0.07286163 0.9616044 -0.1832038 0.06469056 0.9809442 -0.03320398 0.06829675 0.9971123 0.04174564 -0.03032162 0.9986681 0.9999442 0 -0.01056071 0.9993007 -2.243389E-05 0.03738981 0.9878412 0 0.1554661 0.9999692 -4.702439E-06 0.007837397 0.99919 -8.04816E-06 0.0402408 0.9996319 -5.426149E-06 0.02713075 0.9992603 3.845564E-06 0.03845564 0.999998 -2.024596E-07 -0.002024596 0.999622 2.749299E-06 0.02749299 0.9998301 -3.687124E-06 -0.01843562 0.9979681 1.2743E-05 0.06371502 0.9998834 0 -0.01527153 0.9992736 0 0.03810989 0.9999774 -9.999773E-05 0.00673042 0.9999955 0 0.003001454 0.9992249 0 0.03936357 0.9999695 9.999695E-05 0.007818824 0.9999899 0 0.004514416 0.9999032 0 -0.01391498 0.9989975 0 0.04476583 0.9999884 0 0.004806028 0.9983116 -1.161709E-05 0.05808546 0.9998226 3.766283E-06 -0.01883142 0.9993741 -3.53771E-06 0.0353771 0.9998012 0 0.01993971 0.9999794 0 0.006424916 0.9999439 1.059382E-06 0.01059382 0.999536 3.04574E-06 0.03045741 0.9977056 5.416206E-05 0.06770258 0.9999214 -1.003092E-05 -0.01253865 0.3068274 0.7896564 0.5313188 0.360202 0.9320289 -0.03970594 0 0.9992306 -0.03922144 0.3224664 0.7642513 -0.5585119 0.5765791 0.6485387 -0.4969447 0.8026061 0.3756057 -0.4634044 0.8817161 0.2606327 -0.3932522 0.9120484 0.3206988 -0.2555778 0.9985449 -0.05030791 -0.01942428 0.9992601 -0.03846164 0.0001114645 0.960694 0.1304002 -0.2450772 0.8671832 -0.3659134 0.3377879 0.8169934 -0.332116 0.471403 0.3060575 -0.7907791 0.5300917 0.9971721 -0.03275894 -0.06763717 0.9757708 -0.2070419 0.07074536 0.5420426 -0.7658141 0.3460036 0.9261732 -0.3659258 0.09111284 0.3604194 -0.9324915 -0.02361178 0 -0.9996168 -0.02768167 0.8995628 -0.436185 -0.02300666 0.9121489 -0.3203627 -0.2556406 0.5728485 -0.6682464 -0.4746487 0.3357756 -0.7409716 -0.5815633 0.8995628 0.436185 -0.02300722 0.8814266 -0.266479 -0.3899695 0.8195941 -0.323237 -0.4730575 0.9259601 0.3678547 0.08532806 0.5410703 0.7676654 0.3434134 0.9755844 0.2112763 0.05997723 0.85904 0.4024251 0.3163927 0.8215553 0.3163059 0.474339 0.9972128 0.06963819 -0.02678096 1 0 0.0001 0.9590958 -0.1260198 -0.2534845 0.9966264 0.03589741 -0.07380433 0.2280457 0.8265564 0.5145869 0.6762962 0.4883255 0.5515087 0.22735 0.8277226 0.5130178 0.03737158 0.9758853 0.2150612 0.6487814 0.5471083 0.5289189 0.03681409 0.9766079 0.211853 0.9691569 0.1663977 0.1817878 0.9685021 0.1702976 0.1816654 0 0.9998398 0.01789903 0 0.9998279 0.01855275 0.03155004 0.9828736 -0.1815602 0.03176126 0.9826415 -0.1827756 0.197657 0.8729618 -0.4459477 0.1948449 0.8766163 -0.4399763 0.9335866 -0.3127214 -0.1749898 0.9166835 -0.3608561 -0.1716806 0.6300566 0.5822029 -0.5138761 0.5810435 0.661662 -0.4739112 0.9221884 0.3460778 -0.1726229 0.9639057 0.1955175 -0.1807172 0.9803069 -0.07360318 0.1832515 0.9661054 -0.1842602 0.1807998 0.6198894 -0.6000418 -0.5056551 0.6425329 -0.5588254 -0.5242763 0.1987899 -0.8711435 -0.4489895 0.1696922 -0.9079376 -0.383215 0.6888728 -0.4581574 0.5617349 0.718904 -0.3725658 0.5868319 0.02999227 -0.9845361 -0.1725957 0.02924229 -0.9853054 -0.1682798 0.2267599 -0.8284389 0.512122 0.1780733 -0.8980901 0.4021492 0.03852931 -0.9743481 0.2217236 0.03845402 -0.9744495 0.2212903 0 -0.9998374 0.01803155 0 -0.9998266 0.01862429  
					<SubMeshes>: 1
						<SubMesh>: 0 1398 0 1 2 1 0 3 0 4 3 4 0 5 5 6 4 6 5 7 6 7 8 6 8 9 8 7 10 9 11 6 12 10 7 11 13 6 13 11 14 15 13 14 16 12 7 12 16 17 16 18 17 13 15 19 18 16 20 15 21 19 22 18 20 22 20 23 23 19 21 23 20 19 24 19 20 19 24 25 26 25 24 25 26 27 28 27 26 27 28 29 30 31 32 33 32 31 32 33 34 33 35 34 35 33 36 37 35 36 35 37 38 37 39 38 39 37 40 41 39 40 42 43 44 43 42 45 45 46 43 42 47 45 47 42 48 49 47 48 46 45 50 47 50 45 51 46 50 46 51 52 50 47 53 53 51 50 47 49 54 54 53 47 55 52 51 52 55 56 49 57 54 57 49 58 59 56 55 56 59 60 59 61 60 61 59 62 62 63 61 55 64 59 64 62 59 51 65 55 64 55 65 58 66 57 66 58 67 68 66 67 66 68 69 70 69 68 71 57 66 69 71 66 63 62 72 72 73 63 73 72 74 75 74 72 62 75 72 74 75 76 75 77 76 75 62 78 62 64 78 77 75 79 78 79 75 79 80 77 64 81 78 79 78 81 80 79 82 81 82 79 82 83 80 81 64 84 65 84 64 82 81 85 84 85 81 83 82 86 87 82 85 82 87 86 88 83 86 87 88 86 83 88 89 88 90 89 90 88 91 91 92 90 85 84 93 93 87 85 88 87 94 94 91 88 92 91 95 91 96 95 95 97 92 97 95 98 96 98 95 87 93 99 99 94 87 91 94 100 96 91 100 94 101 100 101 96 100 94 99 102 101 94 102 93 103 99 103 102 99 104 97 98 98 105 104 97 104 106 104 107 106 107 104 108 105 108 104 109 107 108 107 109 110 108 111 109 111 108 112 108 105 112 113 111 112 105 113 112 111 113 114 102 103 115 115 101 102 116 114 113 114 116 117 118 117 116 117 118 119 120 119 118 119 120 121 122 121 120 121 122 123 122 124 123 124 122 125 122 126 125 126 122 127 120 127 122 127 128 126 118 129 120 127 120 129 116 130 118 129 118 130 128 127 131 129 131 127 130 116 132 113 132 116 130 133 129 131 129 133 134 128 131 128 134 135 134 70 135 133 130 136 132 136 130 137 131 133 131 137 134 136 137 133 70 134 138 69 70 138 139 134 137 134 139 138 138 140 69 140 138 139 71 69 140 137 136 141 141 139 137 136 132 142 142 141 136 132 143 142 141 142 144 143 144 142 139 141 145 144 145 141 139 146 140 146 139 145 140 147 71 147 140 146 145 144 148 148 146 145 143 132 149 132 113 149 113 105 149 105 143 149 147 150 71 57 71 150 150 54 57 54 150 151 53 54 151 152 151 150 150 147 152 115 147 146 146 148 115 147 115 103 103 152 147 101 115 148 148 153 101 153 148 144 96 101 153 144 143 153 143 96 153 96 143 154 98 96 154 143 105 154 105 98 154 151 152 155 155 53 151 152 103 156 156 155 152 103 93 156 84 156 93 156 84 157 155 156 157 84 65 157 53 155 158 157 158 155 158 157 65 51 53 158 65 51 158 159 160 161 162 161 160 162 163 161 163 162 164 163 165 161 164 166 163 166 164 167 165 163 168 166 168 163 167 169 166 169 167 170 170 171 169 171 170 172 173 171 172 169 174 166 168 166 174 174 169 175 171 175 169 171 173 176 177 176 173 176 177 178 179 178 177 180 171 176 178 180 176 181 168 174 175 181 174 168 181 182 183 168 182 168 183 165 165 183 184 185 165 184 181 175 186 175 171 187 187 186 175 171 180 187 186 187 188 187 189 188 189 187 180 190 189 180 189 190 191 180 178 190 190 192 191 193 190 178 178 179 193 192 190 194 190 193 194 194 195 192 179 196 193 196 194 193 196 179 197 198 196 197 195 194 199 199 198 195 196 198 199 194 196 199 200 201 202 201 203 202 201 204 203 204 201 205 205 206 204 207 205 201 206 205 208 208 209 206 209 208 210 210 211 209 205 212 208 212 210 208 205 207 213 212 205 213 211 210 214 214 215 211 215 214 216 216 217 215 218 213 207 218 207 219 220 219 207 213 218 221 222 213 221 213 222 212 223 212 222 210 212 224 212 223 224 225 210 224 223 225 224 210 225 214 225 223 226 227 214 225 226 227 225 227 226 228 214 227 216 228 229 227 229 216 227 229 228 230 231 229 230 216 229 232 217 216 232 229 231 233 233 232 229 234 217 232 232 233 234 217 234 235 236 235 234 233 236 234 235 236 237 236 238 237 231 239 233 236 233 239 238 236 239 239 231 240 238 239 240 241 242 243 242 241 244 245 242 244 242 245 246 247 246 245 246 247 248 248 247 249 248 249 250 249 247 251 250 252 248 253 251 247 252 254 248 254 252 255 256 254 255 257 253 247 253 257 258 257 259 258 254 256 260 259 257 261 256 262 260 263 259 261 264 260 262 261 264 263 261 260 264 261 265 260 265 261 266 266 267 265 267 266 268 269 267 268 267 269 270 271 272 273 272 274 273 274 272 275 275 276 274 276 275 277 272 278 275 278 277 275 279 276 277 276 279 280 277 278 281 281 279 277 282 280 279 280 282 283 282 284 283 279 281 285 286 279 285 279 286 282 285 281 286 284 282 287 286 287 282 281 288 286 287 286 288 288 281 278 289 284 287 288 289 287 284 289 290 278 291 288 289 288 291 292 289 291 293 290 289 289 292 293 290 293 294 291 278 295 295 292 291 278 272 295 296 294 293 292 296 293 294 296 297 272 298 295 292 295 298 298 272 299 272 271 299 300 292 298 299 300 298 271 301 299 300 299 301 301 271 302 302 303 301 303 300 301 303 297 296 303 302 304 297 303 304 292 300 305 296 292 305 296 306 303 300 303 306 300 306 305 306 296 305 307 308 309 310 307 309 308 307 311 307 310 312 313 308 311 308 313 314 310 315 312 315 310 316 317 315 316 315 317 318 319 318 317 318 319 320 313 321 314 321 313 322 323 320 319 320 323 324 323 325 324 325 323 326 326 327 325 327 326 328 329 321 322 321 329 330 329 331 330 331 329 332 328 333 327 333 328 334 332 335 331 335 332 336 337 333 334 333 337 338 337 339 338 339 337 340 341 335 336 340 341 339 335 341 342 341 340 342  
				</Mesh>
				<Materials>: 1
					<Material>: 0
						<AlbedoMap>: Katana
						<NormalMap>: Katana_Normal_OpenGL
				</Materials>
				<Children>: 0
			</Frame>
	</Frame>
</Hierarchy>
