<Hierarchy>:
	<Frame>: 0 4 Wall_With_Windows_Set_10
		<Transform>: 0 0 0 0 0 0 1 1 1 0 0 0 1  
		<TransformMatrix>: 1 0 0 0 0 1 0 0 0 0 1 0 0 0 0 1  
		<Children>: 4
			<Frame>: 1 0 Glass_Plane
				<Transform>: 0 0 0 0 0 0 1 1 1 0 0 0 1  
				<TransformMatrix>: 1 0 0 0 0 1 0 0 0 0 1 0 0 0 0 1  
				<Mesh>: 72 Glass_Plane
					<Bounds>: 1.26399 1.219238 0.01498843 0.6459085 1.219239 0.009858822
					<Positions>: 72 1.909897 2.438477 0.005129851 1.909897 2.438477 0.02484725 1.909899 1.862645E-07 0.02484724 1.909899 1.862645E-07 0.005129829 0.6180816 2.438476 0.005129635 0.6180838 -3.129244E-07 0.005129606 0.6180838 -3.129244E-07 0.024847 0.6180816 2.438476 0.02484702 1.909897 2.438477 0.005129851 0.6180816 2.438476 0.005129635 0.6180816 2.438476 0.02484702 1.909897 2.438477 0.02484725 1.909899 1.862645E-07 0.02484724 0.6180838 -3.129244E-07 0.024847 0.6180838 -3.129244E-07 0.005129606 1.909899 1.862645E-07 0.005129829 1.889004 0.04911686 0.005129836 1.889004 0.04911662 0.02484564 1.889002 2.38936 0.02484577 1.889002 2.389359 0.005129866 1.889002 2.389359 0.005129866 1.889002 2.38936 0.02484577 0.6389751 2.389359 0.02484545 0.6389756 2.389359 0.005129658 0.6389756 2.389359 0.005129658 0.6389751 2.389359 0.02484545 0.6389769 0.04911624 0.02484532 0.6389769 0.04911636 0.005129628 0.6389769 0.04911636 0.005129628 0.6389769 0.04911624 0.02484532 1.889004 0.04911662 0.02484564 1.889004 0.04911686 0.005129836 0.6180816 2.438476 0.005129635 0.6389769 0.04911636 0.005129628 0.6180838 -3.129244E-07 0.005129606 0.6389756 2.389359 0.005129658 1.889004 0.04911686 0.005129836 1.909897 2.438477 0.005129851 1.909899 1.862645E-07 0.005129829 1.889002 2.389359 0.005129866 0.6180838 -3.129244E-07 0.024847 0.6389751 2.389359 0.02484545 0.6180816 2.438476 0.02484702 0.6389769 0.04911624 0.02484532 1.889002 2.38936 0.02484577 1.909899 1.862645E-07 0.02484724 1.909897 2.438477 0.02484725 1.889004 0.04911662 0.02484564 1.886049 2.412326 0.00667049 1.886049 2.412326 0.02261087 1.886051 0.01982098 0.02261086 1.886051 0.01982098 0.006670452 0.6306708 2.412325 0.006670251 0.6306728 0.01982047 0.006670237 0.6306728 0.01982047 0.02261063 0.6306708 2.412325 0.02261065 1.886049 2.412326 0.00667049 0.6306708 2.412325 0.006670251 0.6306708 2.412325 0.02261065 1.886049 2.412326 0.02261087 1.886049 2.412326 0.02261087 0.6306708 2.412325 0.02261065 0.6306728 0.01982047 0.02261063 1.886051 0.01982098 0.02261086 1.886051 0.01982098 0.02261086 0.6306728 0.01982047 0.02261063 0.6306728 0.01982047 0.006670237 1.886051 0.01982098 0.006670452 1.886051 0.01982098 0.006670452 0.6306728 0.01982047 0.006670237 0.6306708 2.412325 0.006670251 1.886049 2.412326 0.00667049  
					<Colors>: 72 1 1 1 1 1 1 1 1 1 1 1 1 1 1 1 1 1 1 1 1 1 1 1 1 1 1 1 1 1 1 1 1 1 1 1 1 1 1 1 1 1 1 1 1 1 1 1 1 1 1 1 1 1 1 1 1 1 1 1 1 1 1 1 1 1 1 1 1 1 1 1 1 1 1 1 1 1 1 1 1 1 1 1 1 1 1 1 1 1 1 1 1 1 1 1 1 1 1 1 1 1 1 1 1 1 1 1 1 1 1 1 1 1 1 1 1 1 1 1 1 1 1 1 1 1 1 1 1 1 1 1 1 1 1 1 1 1 1 1 1 1 1 1 1 1 1 1 1 1 1 1 1 1 1 1 1 1 1 1 1 1 1 1 1 1 1 1 1 1 1 1 1 1 1 1 1 1 1 1 1 1 1 1 1 1 1 1 1 1 1 1 1 1 0 0 1 1 0 0 1 1 0 0 1 1 0 0 1 1 0 0 1 1 0 0 1 1 0 0 1 1 0 0 1 1 0 0 1 1 0 0 1 1 0 0 1 1 0 0 1 1 0 0 1 1 0 0 1 1 0 0 1 1 0 0 1 1 0 0 1 1 0 0 1 1 0 0 1 1 0 0 1 1 0 0 1 1 0 0 1 1 0 0 1 1 0 0 1  
					<TextureCoords0>: 72 0.7311424 0.06360722 0.7311424 0.06377137 0.7108339 0.06377137 0.7108339 0.06360722 0.7311424 0.06316131 0.7108339 0.06316131 0.7108339 0.0629971 0.7311424 0.0629971 0.7343331 0.07359159 0.7343331 0.08435029 0.7341689 0.08435029 0.7341689 0.07359159 0.7341689 0.07355243 0.7341689 0.06279373 0.7343331 0.06279373 0.7343331 0.07355243 0.7108339 0.06458473 0.7108339 0.06442058 0.7303243 0.06442058 0.7303243 0.06458473 0.7345364 0.1045538 0.7343723 0.1045538 0.7343723 0.09414315 0.7345364 0.09414315 0.7303243 0.0640139 0.7303243 0.06417811 0.7108339 0.06417811 0.7108339 0.0640139 0.7345364 0.08365422 0.7343723 0.08365422 0.7343723 0.07324362 0.7345364 0.07324362 0.7311424 0.05219924 0.711243 0.05237329 0.7108339 0.0521993 0.7307334 0.05237329 0.711243 0.06278396 0.7311424 0.062958 0.7108339 0.062958 0.7307334 0.06278396 0.6904863 0.07355249 0.7103857 0.07337844 0.7107948 0.07355249 0.6908953 0.07337844 0.7103857 0.06296778 0.6904863 0.06279373 0.7107948 0.06279379 0.6908953 0.06296778 0.5091026 0.55209 0.5098422 0.55209 0.5098422 0.6631014 0.5091026 0.6631014 0.5338706 0.5520901 0.5338706 0.6631016 0.533131 0.6631016 0.533131 0.5520901 0.2648131 0.02160275 0.3230622 0.02160275 0.3230622 0.02234232 0.2648131 0.02234232 0.8615202 0.6081564 0.9197692 0.6081566 0.9197691 0.7191679 0.8615201 0.7191679 0.3230622 0.0263471 0.2648131 0.0263471 0.2648131 0.02560747 0.3230622 0.02560747 0.5072806 0.5509686 0.4490314 0.5509686 0.4490314 0.4399572 0.5072805 0.4399572  
					<TextureCoords1>: 72 0.4861689 0.700349 0.4861688 0.6966494 0.02863231 0.6966494 0.02863236 0.700349 0.5148011 0.700349 0.9723377 0.700349 0.9723377 0.6966494 0.5148011 0.6966494 0.5061756 0.668017 0.7485616 0.6680171 0.7485616 0.6643175 0.5061756 0.6643174 0.7485614 0.6319854 0.5061756 0.6319855 0.5061756 0.6356851 0.7485614 0.6356851 0.4677373 0.04407507 0.4677373 0.04037571 0.02863253 0.04037571 0.02863231 0.04407507 0.7407209 0.5077748 0.7407208 0.5040755 0.5061756 0.5040756 0.5061756 0.5077749 0.4677374 0.07640666 0.4677374 0.07270736 0.02863261 0.07270741 0.02863231 0.07640666 0.7407209 0.5401065 0.7407211 0.5364072 0.5061758 0.5364072 0.5061756 0.5401065 0.9723377 0.9713677 0.524017 0.967447 0.5148012 0.9713672 0.9631218 0.9674473 0.5240172 0.7329018 0.9723378 0.7289817 0.5148013 0.7289813 0.9631218 0.7329022 0.4861689 0.9713672 0.03784828 0.9674474 0.02863242 0.9713677 0.4769531 0.967447 0.03784819 0.7329022 0.4861688 0.7289813 0.02863231 0.7289817 0.476953 0.7329018 0.477543 0.1396531 0.477543 0.1366622 0.02863231 0.1366622 0.02863235 0.1396532 0.02863231 0.1080299 0.477543 0.1080299 0.477543 0.105039 0.02863231 0.105039 0.5061756 0.6033531 0.7417248 0.6033531 0.7417248 0.6003622 0.5061756 0.6003622 0.02863231 0.4324678 0.02863274 0.6680171 0.4775433 0.6680167 0.4775428 0.4324674 0.7417247 0.5687389 0.5061756 0.5687389 0.5061756 0.5717298 0.7417247 0.5717298 0.02863242 0.1682855 0.02863231 0.4038347 0.477543 0.4038351 0.4775431 0.1682859  
					<Normals>: 72 1 7.821887E-07 0 1 7.821887E-07 0 1 7.821887E-07 0 1 7.821887E-07 0 -1 -9.288491E-07 0 -1 -9.288491E-07 0 -1 -9.288491E-07 0 -1 -9.288491E-07 0 -4.387645E-07 1 0 -4.387645E-07 1 0 -4.387645E-07 1 0 -4.387645E-07 1 0 3.864245E-07 -1 0 3.864245E-07 -1 0 3.864245E-07 -1 0 3.864245E-07 -1 0 -1 -8.659606E-07 0 -1 -8.659606E-07 0 -1 -8.659606E-07 0 -1 -8.659606E-07 0 2.290104E-07 -1 1.209274E-05 2.290104E-07 -1 1.209274E-05 2.290104E-07 -1 1.209274E-05 2.290104E-07 -1 1.209274E-05 1 6.622046E-07 1.033465E-05 1 6.622046E-07 1.033465E-05 1 6.622046E-07 1.033465E-05 1 6.622046E-07 1.033465E-05 -3.440305E-07 1 9.069597E-06 -3.440305E-07 1 9.069597E-06 -3.440305E-07 1 9.069597E-06 -3.440305E-07 1 9.069597E-06 1.670769E-07 -3.804436E-07 -1 1.069794E-06 0 -1 1.069794E-06 0 -1 1.670769E-07 -3.804436E-07 -1 -5.348726E-07 0 -1 -5.348726E-07 0 -1 -5.348726E-07 0 -1 -5.348726E-07 0 -1 -2.183839E-07 3.333015E-05 1 7.773889E-05 0 1 7.773889E-05 0 1 -2.183839E-07 3.333015E-05 1 -7.345584E-05 0 1 -7.345584E-05 0 1 -7.345584E-05 0 1 -7.345584E-05 0 1 1 9.965229E-07 0 1 9.965229E-07 0 1 9.965229E-07 0 1 9.965229E-07 0 -1 -8.470444E-07 0 -1 -8.470444E-07 0 -1 -8.470444E-07 0 -1 -8.470444E-07 0 -1.861601E-07 1 0 -1.861601E-07 1 0 -1.861601E-07 1 0 -1.861601E-07 1 0 -1.765642E-07 0 1 -1.765642E-07 0 1 -1.765642E-07 0 1 -1.765642E-07 0 1 4.028617E-07 -1 0 4.028617E-07 -1 0 4.028617E-07 -1 0 4.028617E-07 -1 0 1.810154E-07 0 -1 1.810154E-07 0 -1 1.810154E-07 0 -1 1.810154E-07 0 -1  
					<Tangents>: 72 0 1 0 0 1 0 0 1 0 0 1 0 0 1 0 0 1 0 0 1 0 0 1 0 0 0 -1 0 0 -1 0 0 -1 0 0 -1 0 0 -1 0 0 -1 0 0 -1 0 0 -1 0 1 0 0 1 0 0 1 0 0 1 0 0 0 -1 0 0 -1 0 0 -1 0 0 -1 0 1 0 0 1 0 0 1 0 0 1 0 0 0 -1 0 0 -1 0 0 -1 0 0 -1 0 1 0 0 1 0 0 1 0 0 1 0 0 1 0 0 1 0 0 1 0 0 1 0 0 1 0 0 1 0 0 1 0 0 1 0 0 1 0 0 1 0 0 1 0 0 1 0 0 0 1 0 0 1 0 0 1 0 0 1 0 0 -1 0 0 -1 0 0 -1 0 0 -1 -1 0 0 -1 0 0 -1 0 0 -1 0 0 -1 0 0 -1 0 0 -1 0 0 -1 0 0 1 0 0 1 0 0 1 0 0 1 0 0 1 0 0 1 0 0 1 0 0 1 0 0  
					<BiTangents>: 72 0 0 -1 0 0 -1 0 0 -1 0 0 -1 0 0 1 0 0 1 0 0 1 0 0 1 1 4.387645E-07 0 1 4.387645E-07 0 1 4.387645E-07 0 1 4.387645E-07 0 -1 -3.864245E-07 0 -1 -3.864245E-07 0 -1 -3.864245E-07 0 -1 -3.864245E-07 0 0 0 1 0 0 1 0 0 1 0 0 1 -1 -2.290104E-07 0 -1 -2.290104E-07 0 -1 -2.290104E-07 0 -1 -2.290104E-07 0 1.033465E-05 0 -1 1.033465E-05 0 -1 1.033465E-05 0 -1 1.033465E-05 0 -1 1 3.440305E-07 0 1 3.440305E-07 0 1 3.440305E-07 0 1 3.440305E-07 0 -1 0 -1.670769E-07 -1 0 -1.069794E-06 -1 0 -1.069794E-06 -1 0 -1.670769E-07 -1 0 5.348726E-07 -1 0 5.348726E-07 -1 0 5.348726E-07 -1 0 5.348726E-07 1 0 2.183839E-07 1 0 -7.773889E-05 1 0 -7.773889E-05 1 0 2.183839E-07 1 0 7.345584E-05 1 0 7.345584E-05 1 0 7.345584E-05 1 0 7.345584E-05 -9.965229E-07 1 0 -9.965229E-07 1 0 -9.965229E-07 1 0 -9.965229E-07 1 0 -8.470444E-07 1 0 -8.470444E-07 1 0 -8.470444E-07 1 0 -8.470444E-07 1 0 0 0 -1 0 0 -1 0 0 -1 0 0 -1 0 1 0 0 1 0 0 1 0 0 1 0 0 0 -1 0 0 -1 0 0 -1 0 0 -1 0 1 0 0 1 0 0 1 0 0 1 0  
					<SubMeshes>: 2
						<SubMesh>: 0 96 0 1 2 0 2 3 4 5 6 4 6 7 8 9 10 8 10 11 12 13 14 12 14 15 16 17 18 16 18 19 20 21 22 20 22 23 24 25 26 24 26 27 28 29 30 28 30 31 32 33 34 32 35 33 34 33 36 37 35 32 34 36 38 37 39 35 38 36 39 38 39 37 40 41 42 40 43 41 42 41 44 45 43 40 42 44 46 45 47 43 46 44 47 46 47 45  
						<SubMesh>: 1 36 48 49 50 48 50 51 52 53 54 52 54 55 56 57 58 56 58 59 60 61 62 60 62 63 64 65 66 64 66 67 68 69 70 68 70 71  
				</Mesh>
				<Materials>: 2
					<Material>: 0
						<AlbedoColor>: 1 1 1 1
						<EmissiveColor>: 1 1 1 1
						<Glossiness>: 0.5
						<Metallic>: 0
						<SpecularHighlight>: 1
						<GlossyReflection>: 1
						<AlbedoMap>: Wall_Multiset_2_Diffuse
						<MetallicMap>: Wall_Multiset_2_Maskmap
						<NormalMap>: Wall_Multiset_2_Normal
						<EmissionMap>: null
						<DetailAlbedoMap>: null
						<DetailNormalMap>: null
					<Material>: 1
						<AlbedoColor>: 1 1 1 0.2
						<EmissiveColor>: 1 1 1 1
						<Glossiness>: 0.5
						<Metallic>: 0
						<SpecularHighlight>: 1
						<GlossyReflection>: 1
						<AlbedoMap>: Wall_Multiset_2_Diffuse+Alpha
						<MetallicMap>: @Wall_Multiset_2_Maskmap
						<NormalMap>: @Wall_Multiset_2_Normal
						<EmissionMap>: null
						<DetailAlbedoMap>: null
						<DetailNormalMap>: null
				</Materials>
				<Children>: 0
			</Frame>
			<Frame>: 2 0 Glass_Plane.001
				<Transform>: 0 0 0 0 0 0 1 1 1 0 0 0 1  
				<TransformMatrix>: 1 0 0 0 0 1 0 0 0 0 1 0 0 0 0 1  
				<Mesh>: 72 Glass_Plane.001
					<Bounds>: -1.239899 1.219238 0.02180756 0.6459094 1.219239 0.009858826
					<Positions>: 72 -0.5939918 2.438477 0.011949 -0.5939918 2.438477 0.03166639 -0.5939896 -1.192093E-07 0.03166636 -0.5939896 -1.192093E-07 0.01194898 -1.885808 2.438476 0.01194876 -1.885805 -7.450581E-07 0.01194874 -1.885805 -7.450581E-07 0.03166614 -1.885808 2.438476 0.03166616 -0.5939918 2.438477 0.011949 -1.885808 2.438476 0.01194876 -1.885808 2.438476 0.03166616 -0.5939918 2.438477 0.03166639 -0.5939896 -1.192093E-07 0.03166636 -1.885805 -7.450581E-07 0.03166614 -1.885805 -7.450581E-07 0.01194874 -0.5939896 -1.192093E-07 0.01194898 -0.6148841 0.04911643 0.01194898 -0.6148841 0.04911618 0.03166478 -0.6148856 2.38936 0.03166491 -0.6148856 2.389359 0.011949 -0.6148856 2.389359 0.011949 -0.6148856 2.38936 0.03166491 -1.864914 2.389359 0.03166459 -1.864913 2.389359 0.01194879 -1.864913 2.389359 0.01194879 -1.864914 2.389359 0.03166459 -1.864913 0.04911594 0.03166446 -1.864913 0.04911606 0.01194877 -1.864913 0.04911606 0.01194877 -1.864913 0.04911594 0.03166446 -0.6148841 0.04911618 0.03166478 -0.6148841 0.04911643 0.01194898 -1.885808 2.438476 0.01194876 -1.864913 0.04911606 0.01194877 -1.885805 -7.450581E-07 0.01194874 -1.864913 2.389359 0.01194879 -0.6148841 0.04911643 0.01194898 -0.5939918 2.438477 0.011949 -0.5939896 -1.192093E-07 0.01194898 -0.6148856 2.389359 0.011949 -1.885805 -7.450581E-07 0.03166614 -1.864914 2.389359 0.03166459 -1.885808 2.438476 0.03166616 -1.864913 0.04911594 0.03166446 -0.6148856 2.38936 0.03166491 -0.5939896 -1.192093E-07 0.03166636 -0.5939918 2.438477 0.03166639 -0.6148841 0.04911618 0.03166478 -0.6178398 2.412325 0.01348961 -0.6178398 2.412325 0.02943001 -0.6178377 0.01982068 0.02942998 -0.6178377 0.01982068 0.0134896 -1.873219 2.412325 0.0134894 -1.873215 0.01982017 0.01348937 -1.873215 0.01982017 0.02942977 -1.873219 2.412325 0.02942979 -0.6178398 2.412325 0.01348961 -1.873219 2.412325 0.0134894 -1.873219 2.412325 0.02942979 -0.6178398 2.412325 0.02943001 -0.6178398 2.412325 0.02943001 -1.873219 2.412325 0.02942979 -1.873215 0.01982017 0.02942977 -0.6178377 0.01982068 0.02942998 -0.6178377 0.01982068 0.02942998 -1.873215 0.01982017 0.02942977 -1.873215 0.01982017 0.01348937 -0.6178377 0.01982068 0.0134896 -0.6178377 0.01982068 0.0134896 -1.873215 0.01982017 0.01348937 -1.873219 2.412325 0.0134894 -0.6178398 2.412325 0.01348961  
					<Colors>: 72 1 1 1 1 1 1 1 1 1 1 1 1 1 1 1 1 1 1 1 1 1 1 1 1 1 1 1 1 1 1 1 1 1 1 1 1 1 1 1 1 1 1 1 1 1 1 1 1 1 1 1 1 1 1 1 1 1 1 1 1 1 1 1 1 1 1 1 1 1 1 1 1 1 1 1 1 1 1 1 1 1 1 1 1 1 1 1 1 1 1 1 1 1 1 1 1 1 1 1 1 1 1 1 1 1 1 1 1 1 1 1 1 1 1 1 1 1 1 1 1 1 1 1 1 1 1 1 1 1 1 1 1 1 1 1 1 1 1 1 1 1 1 1 1 1 1 1 1 1 1 1 1 1 1 1 1 1 1 1 1 1 1 1 1 1 1 1 1 1 1 1 1 1 1 1 1 1 1 1 1 1 1 1 1 1 1 1 1 1 1 1 1 1 0 0 1 1 0 0 1 1 0 0 1 1 0 0 1 1 0 0 1 1 0 0 1 1 0 0 1 1 0 0 1 1 0 0 1 1 0 0 1 1 0 0 1 1 0 0 1 1 0 0 1 1 0 0 1 1 0 0 1 1 0 0 1 1 0 0 1 1 0 0 1 1 0 0 1 1 0 0 1 1 0 0 1 1 0 0 1 1 0 0 1 1 0 0 1  
					<TextureCoords0>: 72 0.7311424 0.06320047 0.7311424 0.06336468 0.7108339 0.06336468 0.7108339 0.06320047 0.7311424 0.05216014 0.7108339 0.05216014 0.7108339 0.05199593 0.7311424 0.05199593 0.7345365 0.06244576 0.7345365 0.0732044 0.7343723 0.0732044 0.7343723 0.06244576 0.7341689 0.06275463 0.7341689 0.05199593 0.7343332 0.05199593 0.7343332 0.06275463 0.7108339 0.06397474 0.7108339 0.06381053 0.7303243 0.06381053 0.7303243 0.06397474 0.7345365 0.0624066 0.7343723 0.0624066 0.7343723 0.05199593 0.7345365 0.05199593 0.7303243 0.06421721 0.7303243 0.06438142 0.7108339 0.06438142 0.7108339 0.06421721 0.7345364 0.09410405 0.7343723 0.09410405 0.7343723 0.08369339 0.7345364 0.08369339 0.7107948 0.08438945 0.6908953 0.08456349 0.6904863 0.08438951 0.7103857 0.08456349 0.6908953 0.09497416 0.7107948 0.09514821 0.6904863 0.09514821 0.7103857 0.09497416 0.6904863 0.06275457 0.7103857 0.06258059 0.7107948 0.06275463 0.6908953 0.06258059 0.7103857 0.05216992 0.6904863 0.05199593 0.7107948 0.05199593 0.6908953 0.05216992 0.5291262 0.5520901 0.5298659 0.5520901 0.5298659 0.6631016 0.5291262 0.6631016 0.5178517 0.5520901 0.5178517 0.6631016 0.517112 0.6631016 0.517112 0.5520901 0.2648131 0.0296123 0.3230623 0.0296123 0.3230623 0.03035194 0.2648131 0.03035194 0.3809508 0.4399572 0.4391999 0.4399572 0.4391997 0.5509686 0.3809507 0.5509686 0.2549815 0.01032817 0.1967325 0.01032817 0.1967325 0.00958854 0.2549815 0.00958854 0.9878498 0.7191679 0.9296008 0.7191679 0.9296007 0.6081564 0.9878498 0.6081564  
					<TextureCoords1>: 72 0.4861687 0.7003488 0.4861686 0.6966492 0.02863231 0.6966492 0.02863236 0.7003488 0.514801 0.7003488 0.9723374 0.7003488 0.9723374 0.6966492 0.514801 0.6966492 0.5061754 0.6680168 0.7485616 0.6680169 0.7485616 0.6643173 0.5061754 0.6643173 0.7485612 0.6319852 0.5061754 0.6319853 0.5061754 0.6356849 0.7485612 0.6356848 0.4677372 0.04407477 0.4677372 0.04037541 0.02863253 0.04037541 0.02863231 0.04407471 0.7407208 0.5077747 0.7407208 0.5040753 0.5061754 0.5040754 0.5061755 0.5077747 0.4677372 0.07640636 0.4677372 0.07270706 0.02863261 0.07270706 0.02863231 0.07640636 0.7407209 0.5401064 0.740721 0.5364071 0.5061756 0.536407 0.5061754 0.5401063 0.9723374 0.9713677 0.524017 0.967447 0.5148011 0.9713669 0.9631216 0.967447 0.524017 0.7329016 0.9723375 0.7289815 0.5148012 0.7289811 0.9631216 0.7329019 0.4861688 0.9713669 0.03784829 0.9674473 0.02863245 0.9713677 0.4769529 0.967447 0.0378482 0.7329019 0.4861687 0.7289811 0.02863231 0.7289815 0.4769529 0.7329016 0.4775429 0.1396528 0.4775428 0.1366619 0.02863231 0.1366619 0.02863235 0.1396528 0.02863231 0.1080296 0.4775428 0.1080296 0.4775428 0.1050387 0.02863231 0.1050387 0.5061754 0.6033529 0.7417247 0.6033529 0.7417247 0.600362 0.5061754 0.6003619 0.02863231 0.4324675 0.02863278 0.6680169 0.4775431 0.6680163 0.4775427 0.4324672 0.7417244 0.5687387 0.5061754 0.5687387 0.5061754 0.5717297 0.7417244 0.5717296 0.02863242 0.1682852 0.02863231 0.4038342 0.4775428 0.4038348 0.477543 0.1682855  
					<Normals>: 72 1 8.79962E-07 0 1 8.79962E-07 0 1 8.79962E-07 0 1 8.79962E-07 0 -1 -1.564377E-06 0 -1 -1.564377E-06 0 -1 -1.564377E-06 0 -1 -1.564377E-06 0 -4.387639E-07 1 0 -4.387639E-07 1 0 -4.387639E-07 1 0 -4.387639E-07 1 0 4.844724E-07 -1 0 4.844724E-07 -1 0 4.844724E-07 -1 0 4.844724E-07 -1 0 -1 -6.112662E-07 -2.583648E-06 -1 -6.112662E-07 -2.583648E-06 -1 -6.112662E-07 -2.583648E-06 -1 -6.112662E-07 -2.583648E-06 1.701609E-07 -1 1.209274E-05 1.701609E-07 -1 1.209274E-05 1.701609E-07 -1 1.209274E-05 1.701609E-07 -1 1.209274E-05 1 5.093874E-07 4.133862E-05 1 5.093874E-07 4.133862E-05 1 5.093874E-07 4.133862E-05 1 5.093874E-07 4.133862E-05 -2.448386E-07 1 9.447497E-06 -2.448386E-07 1 9.447497E-06 -2.448386E-07 1 9.447497E-06 -2.448386E-07 1 9.447497E-06 1.729374E-07 -2.983868E-07 -1 1.604679E-06 0 -1 1.604679E-06 0 -1 1.729374E-07 -2.983868E-07 -1 2.674393E-07 0 -1 2.674393E-07 0 -1 2.674393E-07 0 -1 2.674393E-07 0 -1 -2.125213E-07 3.324062E-05 1 7.791906E-05 0 1 7.791906E-05 0 1 -2.125213E-07 3.324062E-05 1 -7.318911E-05 0 1 -7.318911E-05 0 1 -7.318911E-05 0 1 -7.318911E-05 0 1 1 8.968706E-07 0 1 8.968706E-07 0 1 8.968706E-07 0 1 8.968706E-07 0 -1 -1.395132E-06 0 -1 -1.395132E-06 0 -1 -1.395132E-06 0 -1 -1.395132E-06 0 -1.8616E-07 1 0 -1.8616E-07 1 0 -1.8616E-07 1 0 -1.8616E-07 1 0 -1.691455E-07 0 1 -1.691455E-07 0 1 -1.691455E-07 0 1 -1.691455E-07 0 1 4.028624E-07 -1 0 4.028624E-07 -1 0 4.028624E-07 -1 0 4.028624E-07 -1 0 1.795316E-07 0 -1 1.795316E-07 0 -1 1.795316E-07 0 -1 1.795316E-07 0 -1  
					<Tangents>: 72 0 1 0 0 1 0 0 1 0 0 1 0 0 1 0 0 1 0 0 1 0 0 1 0 0 0 -1 0 0 -1 0 0 -1 0 0 -1 0 0 -1 0 0 -1 0 0 -1 0 0 -1 0 1 0 0 1 0 0 1 0 0 1 0 0 0 -1 0 0 -1 0 0 -1 0 0 -1 0 1 0 0 1 0 0 1 0 0 1 0 0 0 -1 0 0 -1 0 0 -1 0 0 -1 0 1 0 0 1 0 0 1 0 0 1 0 0 1 0 0 1 0 0 1 0 0 1 0 0 1 0 0 1 0 0 1 0 0 1 0 0 1 0 0 1 0 0 1 0 0 1 0 0 0 1 0 0 1 0 0 1 0 0 1 0 0 -1 0 0 -1 0 0 -1 0 0 -1 -1 0 0 -1 0 0 -1 0 0 -1 0 0 -1 0 0 -1 0 0 -1 0 0 -1 0 0 1 0 0 1 0 0 1 0 0 1 0 0 1 0 0 1 0 0 1 0 0 1 0 0  
					<BiTangents>: 72 0 0 -1 0 0 -1 0 0 -1 0 0 -1 0 0 1 0 0 1 0 0 1 0 0 1 1 4.387639E-07 0 1 4.387639E-07 0 1 4.387639E-07 0 1 4.387639E-07 0 -1 -4.844724E-07 0 -1 -4.844724E-07 0 -1 -4.844724E-07 0 -1 -4.844724E-07 0 -2.583648E-06 0 1 -2.583648E-06 0 1 -2.583648E-06 0 1 -2.583648E-06 0 1 -1 -1.701609E-07 0 -1 -1.701609E-07 0 -1 -1.701609E-07 0 -1 -1.701609E-07 0 4.133862E-05 0 -1 4.133862E-05 0 -1 4.133862E-05 0 -1 4.133862E-05 0 -1 1 2.448386E-07 0 1 2.448386E-07 0 1 2.448386E-07 0 1 2.448386E-07 0 -1 0 -1.729374E-07 -1 0 -1.604679E-06 -1 0 -1.604679E-06 -1 0 -1.729374E-07 -1 0 -2.674393E-07 -1 0 -2.674393E-07 -1 0 -2.674393E-07 -1 0 -2.674393E-07 1 0 2.125213E-07 1 0 -7.791906E-05 1 0 -7.791906E-05 1 0 2.125213E-07 1 0 7.318911E-05 1 0 7.318911E-05 1 0 7.318911E-05 1 0 7.318911E-05 -8.968706E-07 1 0 -8.968706E-07 1 0 -8.968706E-07 1 0 -8.968706E-07 1 0 -1.395132E-06 1 0 -1.395132E-06 1 0 -1.395132E-06 1 0 -1.395132E-06 1 0 0 0 -1 0 0 -1 0 0 -1 0 0 -1 0 1 0 0 1 0 0 1 0 0 1 0 0 0 -1 0 0 -1 0 0 -1 0 0 -1 0 1 0 0 1 0 0 1 0 0 1 0  
					<SubMeshes>: 2
						<SubMesh>: 0 96 0 1 2 0 2 3 4 5 6 4 6 7 8 9 10 8 10 11 12 13 14 12 14 15 16 17 18 16 18 19 20 21 22 20 22 23 24 25 26 24 26 27 28 29 30 28 30 31 32 33 34 32 35 33 34 33 36 37 35 32 34 36 38 37 39 35 38 36 39 38 39 37 40 41 42 40 43 41 42 41 44 45 43 40 42 44 46 45 47 43 46 44 47 46 47 45  
						<SubMesh>: 1 36 48 49 50 48 50 51 52 53 54 52 54 55 56 57 58 56 58 59 60 61 62 60 62 63 64 65 66 64 66 67 68 69 70 68 70 71  
				</Mesh>
				<Materials>: 2
					<Material>: 0
						<AlbedoColor>: 1 1 1 1
						<EmissiveColor>: 1 1 1 1
						<Glossiness>: 0.5
						<Metallic>: 0
						<SpecularHighlight>: 1
						<GlossyReflection>: 1
						<AlbedoMap>: @Wall_Multiset_2_Diffuse
						<MetallicMap>: @Wall_Multiset_2_Maskmap
						<NormalMap>: @Wall_Multiset_2_Normal
						<EmissionMap>: null
						<DetailAlbedoMap>: null
						<DetailNormalMap>: null
					<Material>: 1
						<AlbedoColor>: 1 1 1 0.2
						<EmissiveColor>: 1 1 1 1
						<Glossiness>: 0.5
						<Metallic>: 0
						<SpecularHighlight>: 1
						<GlossyReflection>: 1
						<AlbedoMap>: @Wall_Multiset_2_Diffuse+Alpha
						<MetallicMap>: @Wall_Multiset_2_Maskmap
						<NormalMap>: @Wall_Multiset_2_Normal
						<EmissionMap>: null
						<DetailAlbedoMap>: null
						<DetailNormalMap>: null
				</Materials>
				<Children>: 0
			</Frame>
			<Frame>: 3 0 Glass_Plane.002
				<Transform>: 0 0 0 0 0 0 1 1 1 0 0 0 1  
				<TransformMatrix>: 1 0 0 0 0 1 0 0 0 0 1 0 0 0 0 1  
				<Mesh>: 72 Glass_Plane.002
					<Bounds>: -0.002641678 1.219239 0.05185094 0.6459085 1.219239 0.00985883
					<Positions>: 72 0.6432648 2.438478 0.04199235 0.6432648 2.438478 0.06170977 0.6432668 7.078052E-07 0.06170974 0.6432668 7.078052E-07 0.04199234 -0.6485502 2.438477 0.04199214 -0.6485487 2.086163E-07 0.04199211 -0.6485487 2.086163E-07 0.06170952 -0.6485502 2.438477 0.06170954 0.6432648 2.438478 0.04199235 -0.6485502 2.438477 0.04199214 -0.6485502 2.438477 0.06170954 0.6432648 2.438478 0.06170977 0.6432668 7.078052E-07 0.06170974 -0.6485487 2.086163E-07 0.06170952 -0.6485487 2.086163E-07 0.04199211 0.6432668 7.078052E-07 0.04199234 0.6223727 0.04911738 0.04199234 0.6223723 0.04911714 0.06170815 0.6223711 2.389361 0.06170829 0.6223706 2.38936 0.04199237 0.6223706 2.38936 0.04199237 0.6223711 2.389361 0.06170829 -0.6276563 2.38936 0.06170796 -0.6276563 2.38936 0.04199217 -0.6276563 2.38936 0.04199217 -0.6276563 2.38936 0.06170796 -0.6276554 0.04911677 0.06170784 -0.6276554 0.04911689 0.04199215 -0.6276554 0.04911689 0.04199215 -0.6276554 0.04911677 0.06170784 0.6223723 0.04911714 0.06170815 0.6223727 0.04911738 0.04199234 -0.6485502 2.438477 0.04199214 -0.6276554 0.04911689 0.04199215 -0.6485487 2.086163E-07 0.04199211 -0.6276563 2.38936 0.04199217 0.6223727 0.04911738 0.04199234 0.6432648 2.438478 0.04199235 0.6432668 7.078052E-07 0.04199234 0.6223706 2.38936 0.04199237 -0.6485487 2.086163E-07 0.06170952 -0.6276563 2.38936 0.06170796 -0.6485502 2.438477 0.06170954 -0.6276554 0.04911677 0.06170784 0.6223711 2.389361 0.06170829 0.6432668 7.078052E-07 0.06170974 0.6432648 2.438478 0.06170977 0.6223723 0.04911714 0.06170815 0.6194167 2.412326 0.04353299 0.6194167 2.412326 0.05947338 0.619419 0.0198215 0.05947337 0.619419 0.0198215 0.04353298 -0.6359612 2.412326 0.04353277 -0.635959 0.019821 0.04353275 -0.635959 0.019821 0.05947314 -0.6359612 2.412326 0.05947316 0.6194167 2.412326 0.04353299 -0.6359612 2.412326 0.04353277 -0.6359612 2.412326 0.05947316 0.6194167 2.412326 0.05947338 0.6194167 2.412326 0.05947338 -0.6359612 2.412326 0.05947316 -0.635959 0.019821 0.05947314 0.619419 0.0198215 0.05947337 0.619419 0.0198215 0.05947337 -0.635959 0.019821 0.05947314 -0.635959 0.019821 0.04353275 0.619419 0.0198215 0.04353298 0.619419 0.0198215 0.04353298 -0.635959 0.019821 0.04353275 -0.6359612 2.412326 0.04353277 0.6194167 2.412326 0.04353299  
					<Colors>: 72 1 1 1 1 1 1 1 1 1 1 1 1 1 1 1 1 1 1 1 1 1 1 1 1 1 1 1 1 1 1 1 1 1 1 1 1 1 1 1 1 1 1 1 1 1 1 1 1 1 1 1 1 1 1 1 1 1 1 1 1 1 1 1 1 1 1 1 1 1 1 1 1 1 1 1 1 1 1 1 1 1 1 1 1 1 1 1 1 1 1 1 1 1 1 1 1 1 1 1 1 1 1 1 1 1 1 1 1 1 1 1 1 1 1 1 1 1 1 1 1 1 1 1 1 1 1 1 1 1 1 1 1 1 1 1 1 1 1 1 1 1 1 1 1 1 1 1 1 1 1 1 1 1 1 1 1 1 1 1 1 1 1 1 1 1 1 1 1 1 1 1 1 1 1 1 1 1 1 1 1 1 1 1 1 1 1 1 1 1 1 1 1 1 0 0 1 1 0 0 1 1 0 0 1 1 0 0 1 1 0 0 1 1 0 0 1 1 0 0 1 1 0 0 1 1 0 0 1 1 0 0 1 1 0 0 1 1 0 0 1 1 0 0 1 1 0 0 1 1 0 0 1 1 0 0 1 1 0 0 1 1 0 0 1 1 0 0 1 1 0 0 1 1 0 0 1 1 0 0 1 1 0 0 1 1 0 0 1  
					<TextureCoords0>: 72 0.7311424 0.06340384 0.7311424 0.06356806 0.7108339 0.06356806 0.7108339 0.06340384 0.7107948 0.09535158 0.6904863 0.09535158 0.6904863 0.09518731 0.7107948 0.09518731 0.7343331 0.09518725 0.7343331 0.1059459 0.7341689 0.1059459 0.7341689 0.09518725 0.7341689 0.09514809 0.7341689 0.08438945 0.7343331 0.08438945 0.7343331 0.09514809 0.7108339 0.06499141 0.7108339 0.06482726 0.7303243 0.06482726 0.7303243 0.06499141 0.7347398 0.06240654 0.7345756 0.06240654 0.7345756 0.05199593 0.7347398 0.05199593 0.7303243 0.06462389 0.7303243 0.0647881 0.7108339 0.0647881 0.7108339 0.06462389 0.7347398 0.07285643 0.7345756 0.07285643 0.7345756 0.0624457 0.7347398 0.0624457 0.7107948 0.09539068 0.6908953 0.09556472 0.6904863 0.09539068 0.7103857 0.09556472 0.6908953 0.1059754 0.7107948 0.1061493 0.6904863 0.1061494 0.7103857 0.1059753 0.6904863 0.08435035 0.7103857 0.0841763 0.7107948 0.08435035 0.6908953 0.0841763 0.7103857 0.07376564 0.6904863 0.07359159 0.7107948 0.07359159 0.6908953 0.07376564 0.5131073 0.55209 0.5138469 0.55209 0.5138469 0.6631014 0.5131073 0.6631014 0.5258611 0.5520901 0.5258611 0.6631016 0.5251216 0.6631016 0.5251216 0.5520901 0.2648131 0.01359326 0.3230622 0.01359326 0.3230622 0.01433289 0.2648131 0.01433289 0.3889603 0.5600995 0.4472094 0.5600996 0.4472093 0.671111 0.3889602 0.671111 0.3230622 0.01833761 0.2648131 0.01833761 0.2648131 0.01759803 0.3230622 0.01759803 0.5072806 0.6631014 0.4490315 0.6631014 0.4490314 0.55209 0.5072805 0.55209  
					<TextureCoords1>: 72 0.4861689 0.7003491 0.4861688 0.6966494 0.02863231 0.6966494 0.02863235 0.7003491 0.5148012 0.7003491 0.9723377 0.7003491 0.9723377 0.6966494 0.5148012 0.6966494 0.5061756 0.6356851 0.7485616 0.6356851 0.7485616 0.6319855 0.5061756 0.6319855 0.7485616 0.6643175 0.5061756 0.6643175 0.5061756 0.6680171 0.7485616 0.6680171 0.4677373 0.04407513 0.4677373 0.04037583 0.02863253 0.04037577 0.02863231 0.04407513 0.7407208 0.5077749 0.7407209 0.5040756 0.5061756 0.5040756 0.5061756 0.5077749 0.4677374 0.07640678 0.4677374 0.07270741 0.02863259 0.07270747 0.02863231 0.07640678 0.7407209 0.5401067 0.7407211 0.5364074 0.5061756 0.5364072 0.5061756 0.5401066 0.9723378 0.9713677 0.5240172 0.9674472 0.5148013 0.9713674 0.963122 0.9674473 0.5240172 0.7329018 0.9723379 0.7289817 0.5148013 0.7289814 0.963122 0.7329022 0.486169 0.9713674 0.03784829 0.9674473 0.02863245 0.9713677 0.4769531 0.9674472 0.0378482 0.7329021 0.4861689 0.7289814 0.02863231 0.7289817 0.476953 0.7329018 0.4775431 0.1396532 0.477543 0.1366623 0.02863231 0.1366623 0.02863234 0.1396533 0.02863231 0.10803 0.477543 0.10803 0.477543 0.1050391 0.02863231 0.1050391 0.5061756 0.6033531 0.7417248 0.6033532 0.7417248 0.6003623 0.5061756 0.6003622 0.02863231 0.4324679 0.02863274 0.6680171 0.4775433 0.6680167 0.4775429 0.4324675 0.7417247 0.5687389 0.5061756 0.5687389 0.5061756 0.5717299 0.7417247 0.5717299 0.0286324 0.1682855 0.02863231 0.4038348 0.4775431 0.4038351 0.4775432 0.168286  
					<Normals>: 72 1 8.310753E-07 0 1 8.310753E-07 0 1 8.310753E-07 0 1 8.310753E-07 0 -1 -5.866416E-07 0 -1 -5.866416E-07 0 -1 -5.866416E-07 0 -1 -5.866416E-07 0 -5.85019E-07 1 0 -5.85019E-07 1 0 -5.85019E-07 1 0 -5.85019E-07 1 0 3.864243E-07 -1 0 3.864243E-07 -1 0 3.864243E-07 -1 0 3.864243E-07 -1 0 -1 -7.131437E-07 2.583648E-06 -1 -7.131437E-07 2.583648E-06 -1 -7.131437E-07 2.583648E-06 -1 -7.131437E-07 2.583648E-06 0 -1 1.209273E-05 0 -1 1.209273E-05 0 -1 1.209273E-05 0 -1 1.209273E-05 1 4.075108E-07 -2.583664E-06 1 4.075108E-07 -2.583664E-06 1 4.075108E-07 -2.583664E-06 1 4.075108E-07 -2.583664E-06 -3.440236E-07 1 9.069594E-06 -3.440236E-07 1 9.069594E-06 -3.440236E-07 1 9.069594E-06 -3.440236E-07 1 9.069594E-06 1.612144E-07 -5.370968E-07 -1 1.961279E-06 0 -1 1.961279E-06 0 -1 1.612144E-07 -5.370968E-07 -1 -3.565878E-07 0 -1 -3.565878E-07 0 -1 -3.565878E-07 0 -1 -3.565878E-07 0 -1 -2.13987E-07 3.318095E-05 1 7.800542E-05 0 1 7.800542E-05 0 1 -2.13987E-07 3.318095E-05 1 -7.336792E-05 0 1 -7.336792E-05 0 1 -7.336792E-05 0 1 -7.336792E-05 0 1 1 9.466967E-07 0 1 9.466967E-07 0 1 9.466967E-07 0 1 9.466967E-07 0 -1 -8.968706E-07 0 -1 -8.968706E-07 0 -1 -8.968706E-07 0 -1 -8.968706E-07 0 -3.723203E-07 1 0 -3.723203E-07 1 0 -3.723203E-07 1 0 -3.723203E-07 1 0 -1.810154E-07 0 1 -1.810154E-07 0 1 -1.810154E-07 0 1 -1.810154E-07 0 1 4.028621E-07 -1 0 4.028621E-07 -1 0 4.028621E-07 -1 0 4.028621E-07 -1 0 1.780479E-07 0 -1 1.780479E-07 0 -1 1.780479E-07 0 -1 1.780479E-07 0 -1  
					<Tangents>: 72 0 1 0 0 1 0 0 1 0 0 1 0 0 1 0 0 1 0 0 1 0 0 1 0 0 0 -1 0 0 -1 0 0 -1 0 0 -1 0 0 -1 0 0 -1 0 0 -1 0 0 -1 0 1 0 0 1 0 0 1 0 0 1 0 0 0 -1 0 0 -1 0 0 -1 0 0 -1 0 1 0 0 1 0 0 1 0 0 1 0 0 0 -1 0 0 -1 0 0 -1 0 0 -1 0 1 0 0 1 0 0 1 0 0 1 0 0 1 0 0 1 0 0 1 0 0 1 0 0 1 0 0 1 0 0 1 0 0 1 0 0 1 0 0 1 0 0 1 0 0 1 0 0 0 1 0 0 1 0 0 1 0 0 1 0 0 -1 0 0 -1 0 0 -1 0 0 -1 -1 0 0 -1 0 0 -1 0 0 -1 0 0 -1 0 0 -1 0 0 -1 0 0 -1 0 0 1 0 0 1 0 0 1 0 0 1 0 0 1 0 0 1 0 0 1 0 0 1 0 0  
					<BiTangents>: 72 0 0 -1 0 0 -1 0 0 -1 0 0 -1 0 0 1 0 0 1 0 0 1 0 0 1 1 5.85019E-07 0 1 5.85019E-07 0 1 5.85019E-07 0 1 5.85019E-07 0 -1 -3.864243E-07 0 -1 -3.864243E-07 0 -1 -3.864243E-07 0 -1 -3.864243E-07 0 2.583648E-06 0 1 2.583648E-06 0 1 2.583648E-06 0 1 2.583648E-06 0 1 -1 0 0 -1 0 0 -1 0 0 -1 0 0 -2.583664E-06 0 -1 -2.583664E-06 0 -1 -2.583664E-06 0 -1 -2.583664E-06 0 -1 1 3.440236E-07 0 1 3.440236E-07 0 1 3.440236E-07 0 1 3.440236E-07 0 -1 0 -1.612144E-07 -1 0 -1.961279E-06 -1 0 -1.961279E-06 -1 0 -1.612144E-07 -1 0 3.565878E-07 -1 0 3.565878E-07 -1 0 3.565878E-07 -1 0 3.565878E-07 1 0 2.13987E-07 1 0 -7.800542E-05 1 0 -7.800542E-05 1 0 2.13987E-07 1 0 7.336792E-05 1 0 7.336792E-05 1 0 7.336792E-05 1 0 7.336792E-05 -9.466967E-07 1 0 -9.466967E-07 1 0 -9.466967E-07 1 0 -9.466967E-07 1 0 -8.968706E-07 1 0 -8.968706E-07 1 0 -8.968706E-07 1 0 -8.968706E-07 1 0 0 0 -1 0 0 -1 0 0 -1 0 0 -1 0 1 0 0 1 0 0 1 0 0 1 0 0 0 -1 0 0 -1 0 0 -1 0 0 -1 0 1 0 0 1 0 0 1 0 0 1 0  
					<SubMeshes>: 2
						<SubMesh>: 0 96 0 1 2 0 2 3 4 5 6 4 6 7 8 9 10 8 10 11 12 13 14 12 14 15 16 17 18 16 18 19 20 21 22 20 22 23 24 25 26 24 26 27 28 29 30 28 30 31 32 33 34 32 35 33 34 33 36 37 35 32 34 36 38 37 39 35 38 36 39 38 39 37 40 41 42 40 43 41 42 41 44 45 43 40 42 44 46 45 47 43 46 44 47 46 47 45  
						<SubMesh>: 1 36 48 49 50 48 50 51 52 53 54 52 54 55 56 57 58 56 58 59 60 61 62 60 62 63 64 65 66 64 66 67 68 69 70 68 70 71  
				</Mesh>
				<Materials>: 2
					<Material>: 0
						<AlbedoColor>: 1 1 1 1
						<EmissiveColor>: 1 1 1 1
						<Glossiness>: 0.5
						<Metallic>: 0
						<SpecularHighlight>: 1
						<GlossyReflection>: 1
						<AlbedoMap>: @Wall_Multiset_2_Diffuse
						<MetallicMap>: @Wall_Multiset_2_Maskmap
						<NormalMap>: @Wall_Multiset_2_Normal
						<EmissionMap>: null
						<DetailAlbedoMap>: null
						<DetailNormalMap>: null
					<Material>: 1
						<AlbedoColor>: 1 1 1 0.2
						<EmissiveColor>: 1 1 1 1
						<Glossiness>: 0.5
						<Metallic>: 0
						<SpecularHighlight>: 1
						<GlossyReflection>: 1
						<AlbedoMap>: @Wall_Multiset_2_Diffuse+Alpha
						<MetallicMap>: @Wall_Multiset_2_Maskmap
						<NormalMap>: @Wall_Multiset_2_Normal
						<EmissionMap>: null
						<DetailAlbedoMap>: null
						<DetailNormalMap>: null
				</Materials>
				<Children>: 0
			</Frame>
			<Frame>: 4 0 wall_with_windows_set_10
				<Transform>: 0 0 0 0 0 0 1 1 1 0 0 0 1  
				<TransformMatrix>: 1 0 0 0 0 1 0 0 0 0 1 0 0 0 0 1  
				<Mesh>: 208 wall_with_windows_set_10
					<Bounds>: -3.695488E-06 1.259468 1.709908E-06 2.000001 1.259472 0.0749997
					<Positions>: 208 1.909143 3.72529E-08 0.07500017 1.999998 3.72529E-08 0.07499982 1.999998 2.442579 0.07499979 1.909143 2.442579 0.07500014 1.909143 0 -0.07499754 1.909143 2.442579 -0.07499756 1.999998 2.442579 -0.0749979 1.999998 0 -0.07499787 1.909143 3.72529E-08 0.07500017 1.909143 0 -0.07499754 1.999998 0 -0.07499787 1.999998 3.72529E-08 0.07499982 1.999998 3.72529E-08 0.07499982 1.999998 0 -0.07499787 1.999998 2.442579 -0.0749979 1.999998 2.442579 0.07499979 1.999998 2.442579 0.07499979 1.999998 2.442579 -0.0749979 1.909143 2.442579 -0.07499756 1.909143 2.442579 0.07500014 1.909143 2.442579 0.07500014 1.909143 2.442579 -0.07499756 1.909143 0 -0.07499754 1.909143 3.72529E-08 0.07500017 -2.000003 2.442579 0.07500099 1.999996 2.442579 0.07499975 1.999996 2.51894 0.07499972 -2.000003 2.51894 0.07500097 -2.000003 2.442579 -0.07499675 -2.000003 2.51894 -0.07499678 1.999996 2.51894 -0.07499799 1.999996 2.442579 -0.07499795 -2.000003 2.442579 0.07500099 -2.000003 2.442579 -0.07499675 1.999996 2.442579 -0.07499795 1.999996 2.442579 0.07499975 1.999996 2.442579 0.07499975 1.999996 2.442579 -0.07499795 1.999996 2.51894 -0.07499799 1.999996 2.51894 0.07499972 1.999996 2.51894 0.07499972 1.999996 2.51894 -0.07499799 -2.000003 2.51894 -0.07499678 -2.000003 2.51894 0.07500097 -2.000003 2.51894 0.07500097 -2.000003 2.51894 -0.07499678 -2.000003 2.442579 -0.07499675 -2.000003 2.442579 0.07500099 -2.000005 -3.695488E-06 0.07500141 -1.884601 -3.695488E-06 0.07500108 -1.884601 2.442579 0.07500105 -2.000005 2.442579 0.0750014 -2.000005 -3.732741E-06 -0.07499631 -2.000005 2.442579 -0.07499634 -1.884601 2.442579 -0.07499661 -1.884601 -3.732741E-06 -0.07499659 -2.000005 -3.695488E-06 0.07500141 -2.000005 -3.732741E-06 -0.07499631 -1.884601 -3.732741E-06 -0.07499659 -1.884601 -3.695488E-06 0.07500108 -1.884601 -3.695488E-06 0.07500108 -1.884601 -3.732741E-06 -0.07499659 -1.884601 2.442579 -0.07499661 -1.884601 2.442579 0.07500105 -1.884601 2.442579 0.07500105 -1.884601 2.442579 -0.07499661 -2.000005 2.442579 -0.07499634 -2.000005 2.442579 0.0750014 -2.000005 2.442579 0.0750014 -2.000005 2.442579 -0.07499634 -2.000005 -3.732741E-06 -0.07499631 -2.000005 -3.695488E-06 0.07500141 1.909141 2.495264 0.0417775 -1.884601 2.495265 0.04177739 -1.884601 2.447809 0.04177739 1.909141 2.447809 0.0417775 1.909141 2.426986 0.0417775 -1.884601 2.426986 0.04177739 1.909141 2.447809 0.01100673 1.909141 2.447809 0.03341796 -1.884601 2.447809 0.03341786 -1.884601 2.447809 0.01100659 1.909141 2.447809 0.002647191 -1.884601 2.495265 0.002647057 1.909141 2.495264 0.002647191 -1.884601 2.447809 0.002647057 -1.884601 2.426986 0.002647057 1.909141 2.426986 0.002647191 1.909141 2.495264 0.03341796 1.909141 2.495264 0.01100673 -1.884601 2.495265 0.01100659 -1.884601 2.495265 0.03341786 1.909141 2.447809 0.0417775 1.909141 2.495264 0.03341796 1.909141 2.495264 0.0417775 1.909141 2.447809 0.03341796 1.909141 2.495264 0.01100673 1.909141 2.426986 0.03341796 1.909141 2.426986 0.0417775 1.909141 2.447809 0.01100673 1.909141 2.495264 0.002647191 1.909141 2.447809 0.002647191 1.909141 2.426986 0.002647191 1.909141 2.426986 0.01100673 -1.884601 2.447809 0.002647057 -1.884601 2.495265 0.01100659 -1.884601 2.495265 0.002647057 -1.884601 2.447809 0.01100659 -1.884601 2.495265 0.03341786 -1.884601 2.426986 0.01100659 -1.884601 2.426986 0.002647057 -1.884601 2.447809 0.03341786 -1.884601 2.495265 0.04177739 -1.884601 2.447809 0.04177739 -1.884601 2.426986 0.04177739 -1.884601 2.426986 0.03341786 1.909141 2.426986 0.002647191 1.909141 2.426986 0.01100673 -1.884601 2.426986 0.01100659 -1.884601 2.426986 0.002647057 -1.884601 2.426986 0.04177739 -1.884601 2.426986 0.03341786 1.909141 2.426986 0.03341796 1.909141 2.426986 0.0417775 1.909141 2.495264 0.0417775 1.909141 2.495264 0.03341796 -1.884601 2.495265 0.03341786 -1.884601 2.495265 0.04177739 -1.884601 2.495265 0.002647057 -1.884601 2.495265 0.01100659 1.909141 2.495264 0.01100673 1.909141 2.495264 0.002647191 -1.884601 2.447809 0.01100659 -1.884601 2.426986 0.01100659 1.909141 2.426986 0.01100673 1.909141 2.447809 0.01100673 1.909141 2.447809 0.03341796 1.909141 2.426986 0.03341796 -1.884601 2.426986 0.03341786 -1.884601 2.447809 0.03341786 1.909141 2.495264 0.07247818 -1.884601 2.495265 0.07247809 -1.884601 2.447809 0.07247809 1.909141 2.447809 0.07247818 1.909141 2.426986 0.07247818 -1.884601 2.426986 0.07247809 1.909141 2.447809 0.0417074 1.909141 2.447809 0.06411864 -1.884601 2.447809 0.06411854 -1.884601 2.447809 0.04170729 1.909141 2.447809 0.03334786 -1.884601 2.495265 0.03334775 1.909141 2.495264 0.03334786 -1.884601 2.447809 0.03334775 -1.884601 2.426986 0.03334775 1.909141 2.426986 0.03334786 1.909141 2.495264 0.06411864 1.909141 2.495264 0.0417074 -1.884601 2.495265 0.04170729 -1.884601 2.495265 0.06411854 1.909141 2.447809 0.07247818 1.909141 2.495264 0.06411864 1.909141 2.495264 0.07247818 1.909141 2.447809 0.06411864 1.909141 2.495264 0.0417074 1.909141 2.426986 0.06411864 1.909141 2.426986 0.07247818 1.909141 2.447809 0.0417074 1.909141 2.495264 0.03334786 1.909141 2.447809 0.03334786 1.909141 2.426986 0.03334786 1.909141 2.426986 0.0417074 -1.884601 2.447809 0.03334775 -1.884601 2.495265 0.04170729 -1.884601 2.495265 0.03334775 -1.884601 2.447809 0.04170729 -1.884601 2.495265 0.06411854 -1.884601 2.426986 0.04170729 -1.884601 2.426986 0.03334775 -1.884601 2.447809 0.06411854 -1.884601 2.495265 0.07247809 -1.884601 2.447809 0.07247809 -1.884601 2.426986 0.07247809 -1.884601 2.426986 0.06411854 1.909141 2.426986 0.03334786 1.909141 2.426986 0.0417074 -1.884601 2.426986 0.04170729 -1.884601 2.426986 0.03334775 -1.884601 2.426986 0.07247809 -1.884601 2.426986 0.06411854 1.909141 2.426986 0.06411864 1.909141 2.426986 0.07247818 1.909141 2.495264 0.07247818 1.909141 2.495264 0.06411864 -1.884601 2.495265 0.06411854 -1.884601 2.495265 0.07247809 -1.884601 2.495265 0.03334775 -1.884601 2.495265 0.04170729 1.909141 2.495264 0.0417074 1.909141 2.495264 0.03334786 -1.884601 2.447809 0.04170729 -1.884601 2.426986 0.04170729 1.909141 2.426986 0.0417074 1.909141 2.447809 0.0417074 1.909141 2.447809 0.06411864 1.909141 2.426986 0.06411864 -1.884601 2.426986 0.06411854 -1.884601 2.447809 0.06411854  
					<Colors>: 208 1 1 1 1 1 1 1 1 1 1 1 1 1 1 1 1 1 1 1 1 1 1 1 1 1 1 1 1 1 1 1 1 1 1 1 1 1 1 1 1 1 1 1 1 1 1 1 1 1 1 1 1 1 1 1 1 1 1 1 1 1 1 1 1 1 1 1 1 1 1 1 1 1 1 1 1 1 1 1 1 1 1 1 1 1 1 1 1 1 1 1 1 1 1 1 1 1 1 1 1 1 1 1 1 1 1 1 1 1 1 1 1 1 1 1 1 1 1 1 1 1 1 1 1 1 1 1 1 1 1 1 1 1 1 1 1 1 1 1 1 1 1 1 1 1 1 1 1 1 1 1 1 1 1 1 1 1 1 1 1 1 1 1 1 1 1 1 1 1 1 1 1 1 1 1 1 1 1 1 1 1 1 1 1 1 1 1 1 1 1 1 1 1 1 1 1 1 1 1 1 1 1 1 1 1 1 1 1 1 1 1 1 1 1 1 1 1 1 1 1 1 1 1 1 1 1 1 1 1 1 1 1 1 1 1 1 1 1 1 1 1 1 1 1 1 1 1 1 1 1 1 1 1 1 1 1 1 1 1 1 1 1 1 1 1 1 1 1 1 1 1 1 1 1 1 1 1 1 1 1 1 1 1 1 1 1 1 1 1 1 1 1 1 1 1 1 1 1 1 1 1 1 1 1 1 1 1 1 1 1 1 1 1 1 1 1 1 1 1 1 1 1 1 1 1 1 1 1 1 1 1 1 1 1 1 1 1 1 1 1 1 1 1 1 1 1 1 1 1 1 1 1 1 1 1 1 1 1 1 1 1 1 1 1 1 1 1 1 1 1 1 1 1 1 1 1 1 1 1 1 1 1 1 1 1 1 1 1 1 1 1 1 1 1 1 1 1 1 1 1 1 1 1 1 1 1 1 1 1 1 1 1 1 1 1 1 1 1 1 1 1 1 1 1 1 1 1 1 1 1 1 1 1 1 1 1 1 1 1 1 1 1 1 1 1 1 1 1 1 1 1 1 1 1 1 1 1 1 1 1 1 1 1 1 1 1 1 1 1 1 1 1 1 1 1 1 1 1 1 1 1 1 1 1 1 1 1 1 1 1 1 1 1 1 1 1 1 1 1 1 1 1 1 1 1 1 1 1 1 1 1 1 1 1 1 1 1 1 1 1 1 1 1 1 1 1 1 1 1 1 1 1 1 1 1 1 1 1 1 1 1 1 1 1 1 1 1 1 1 1 1 1 1 1 1 1 1 1 1 1 1 1 1 1 1 1 1 1 1 1 1 1 1 1 1 1 1 1 1 1 1 1 1 1 1 1 1 1 1 1 1 1 1 1 1 1 1 1 1 1 1 1 1 1 1 1 1 1 1 1 1 1 1 1 1 1 1 1 1 1 1 1 1 1 1 1 1 1 1 1 1 1 1 1 1 1 1 1 1 1 1 1 1 1 1 1 1 1 1 1 1 1 1 1 1 1 1 1 1 1 1 1 1 1 1 1 1 1 1 1 1 1 1 1 1 1 1 1 1 1 1 1 1 1 1 1 1 1 1 1 1 1 1 1 1 1 1 1 1 1 1 1 1 1 1 1 1 1 1 1 1 1 1 1 1 1 1 1 1 1 1 1 1 1 1 1 1 1 1 1 1 1 1 1 1 1 1 1 1 1 1 1 1 1 1 1 1 1 1 1 1 1 1 1 1 1 1 1 1 1 1 1 1 1 1 1 1 1 1 1 1 1 1 1 1 1 1 1 1 1 1 1 1 1 1 1 1 1 1 1 1 1 1 1 1 1 1 1 1 1 1 1 1 1 1 1 1 1 1 1 1 1 1 1 1 1 1 1 1 1 1 1 1 1 1 1 1 1 1 1 1 1  
					<TextureCoords0>: 208 0.3052762 0.45085 0.3008558 0.45085 0.3008558 0.3373475 0.3052762 0.3373475 0.5171121 0.7872486 0.517112 0.6737461 0.5215324 0.6737461 0.5215324 0.7872486 0.6612828 0.2866555 0.6612828 0.2793577 0.6657032 0.2793577 0.6657032 0.2866555 0.4803576 0.7872486 0.4730598 0.7872486 0.4730598 0.673746 0.4803576 0.673746 0.6692923 0.3186934 0.6692923 0.3113956 0.6737127 0.3113956 0.6737127 0.3186934 0.4970883 0.673746 0.5043861 0.673746 0.5043861 0.7872486 0.4970883 0.7872486 0.7878132 0.9995 0.5932022 0.9995 0.5932022 0.9967607 0.7878132 0.9967607 0.3969697 0.9995 0.3969697 0.9967607 0.5915807 0.9967607 0.5915807 0.9995 0.5891975 0.9954953 0.5891975 0.9881974 0.7838084 0.9881973 0.7838084 0.9954951 0.740666 0.1745226 0.7333682 0.1745226 0.7333682 0.1717833 0.740666 0.1717833 0.7934394 0.9874856 0.7934394 0.9801878 0.9880503 0.980188 0.9880503 0.9874858 0.6612828 0.2358592 0.6685806 0.2358592 0.6685806 0.2385985 0.6612828 0.2385985 0.470665 0.7872486 0.4650503 0.7872486 0.4650503 0.673746 0.470665 0.673746 0.5091026 0.7872486 0.5091026 0.673746 0.5147173 0.673746 0.5147173 0.7872486 0.6612828 0.2706365 0.6612828 0.2633387 0.6668976 0.2633387 0.6668976 0.2706365 0.4923718 0.7872486 0.485074 0.7872486 0.485074 0.673746 0.4923718 0.673746 0.6652876 0.3026745 0.6652876 0.2953767 0.6709023 0.2953767 0.6709023 0.3026745 0.3088653 0.3373475 0.3161631 0.3373475 0.3161631 0.45085 0.3088653 0.45085 0.7316027 0.08480537 0.7316027 0.1175756 0.7313634 0.1175756 0.7313634 0.08480537 0.7311816 0.08480537 0.7311816 0.1175756 0.7332457 0.1175756 0.73305 0.1175756 0.73305 0.08480537 0.7332457 0.08480537 0.7110158 0.1306102 0.7112551 0.09784001 0.7112551 0.1306102 0.7110158 0.09784001 0.7108339 0.09784001 0.7108339 0.1306102 0.7328151 0.05199593 0.7330108 0.05199593 0.7330108 0.08476615 0.7328151 0.08476615 0.7118297 0.05335379 0.7120689 0.05328077 0.7120689 0.05335379 0.7118297 0.05328077 0.7120689 0.05308503 0.7116479 0.05328077 0.7116479 0.05335379 0.7118297 0.05308503 0.7120689 0.05301207 0.7118297 0.05301207 0.7116479 0.05301207 0.7116479 0.05308503 0.7118297 0.05297291 0.7120689 0.0528999 0.7120689 0.05297291 0.7118297 0.0528999 0.7120689 0.05270422 0.7116479 0.0528999 0.7116479 0.05297291 0.7118297 0.05270422 0.7120689 0.0526312 0.7118297 0.0526312 0.7116479 0.0526312 0.7116479 0.05270422 0.7354127 0.08476615 0.7353398 0.08476615 0.7353398 0.05199593 0.7354127 0.05199593 0.7352276 0.08480537 0.7353005 0.08480537 0.7353006 0.1175756 0.7352276 0.1175756 0.7365733 0.05199593 0.7366464 0.05199593 0.7366464 0.08476615 0.7365733 0.08476615 0.7355249 0.1175756 0.7354519 0.1175756 0.7354519 0.08480537 0.7355249 0.08480537 0.7341297 0.1175756 0.7339479 0.1175756 0.7339479 0.08480537 0.7341297 0.08480537 0.7339088 0.08476615 0.7337269 0.08476615 0.7337269 0.05199593 0.7339088 0.05199593 0.7316027 0.05199593 0.7316027 0.08476615 0.7313634 0.08476615 0.7313634 0.05199593 0.7311816 0.05199593 0.7311816 0.08476615 0.7327759 0.08476615 0.7325802 0.08476615 0.7325802 0.05199593 0.7327759 0.05199593 0.7110158 0.09780085 0.7112551 0.06503057 0.7112551 0.09780085 0.7110158 0.06503057 0.7108339 0.06503057 0.7108339 0.09780085 0.73305 0.05199593 0.7332457 0.05199593 0.7332457 0.08476615 0.73305 0.08476615 0.7127502 0.05297291 0.7129894 0.0528999 0.7129894 0.05297291 0.7127502 0.0528999 0.7129894 0.05270422 0.7125683 0.0528999 0.7125683 0.05297291 0.7127502 0.05270422 0.7129894 0.0526312 0.7127502 0.0526312 0.7125683 0.0526312 0.7125683 0.05270422 0.7122899 0.05297291 0.7125292 0.0528999 0.7125292 0.05297291 0.7122899 0.0528999 0.7125292 0.05270422 0.7121081 0.0528999 0.7121081 0.05297291 0.7122899 0.05270422 0.7125292 0.0526312 0.7122899 0.0526312 0.7121081 0.0526312 0.7121081 0.05270422 0.7353006 0.08476615 0.7352276 0.08476615 0.7352276 0.05199593 0.7353005 0.05199593 0.7354519 0.05199593 0.7355249 0.05199593 0.7355249 0.08476615 0.7354519 0.08476615 0.7353398 0.08480537 0.7354127 0.08480537 0.7354127 0.1175756 0.7353398 0.1175756 0.734852 0.1179352 0.7347789 0.1179352 0.734779 0.0851649 0.734852 0.0851649 0.7341297 0.08476615 0.7339479 0.08476615 0.7339479 0.05199593 0.7341297 0.05199593 0.7339088 0.1175756 0.7337269 0.1175756 0.7337269 0.08480537 0.7339088 0.08480537  
					<TextureCoords1>: 208 0.3904176 0.03345454 0.3904175 0.02004182 0.02982524 0.02004188 0.02982507 0.03345454 0.6197117 0.3001658 0.9803042 0.3001658 0.9803042 0.2867531 0.6197117 0.2867531 0.6501616 0.9701749 0.6723053 0.9701749 0.6723054 0.9567622 0.6501616 0.9567622 0.6197117 0.3299909 0.6197118 0.3521348 0.9803041 0.3521348 0.9803042 0.3299909 0.7762433 0.9567622 0.7540994 0.9567622 0.7540995 0.9701749 0.7762433 0.9701749 0.6197117 0.3819599 0.6197119 0.4041036 0.9803041 0.4041036 0.9803042 0.3819599 0.02982507 0.8251387 0.620336 0.8251387 0.6203358 0.8138657 0.02982508 0.8138657 0.6203359 0.9182059 0.6203362 0.9069328 0.0298252 0.9069328 0.02982507 0.9182059 0.02982534 0.9480309 0.02982507 0.9701748 0.6203362 0.9701749 0.6203365 0.9480311 0.9100062 0.9701749 0.93215 0.9701749 0.93215 0.9589019 0.9100062 0.9589019 0.02982529 0.854964 0.02982507 0.8771077 0.6203361 0.8771076 0.6203359 0.8549638 0.8282122 0.9589019 0.8060684 0.9589019 0.8060684 0.9701749 0.8282122 0.9701749 0.3904181 0.2311162 0.3904182 0.2140794 0.02982521 0.2140794 0.02982507 0.2311159 0.02982507 0.08031642 0.3904179 0.08031619 0.3904179 0.06327963 0.02982508 0.06327963 0.7021305 0.9701749 0.7242743 0.9701749 0.7242743 0.9531381 0.7021306 0.9531381 0.02982518 0.1621105 0.02982507 0.1842543 0.3904181 0.1842543 0.3904182 0.1621105 0.8801811 0.9531384 0.8580373 0.9531384 0.8580373 0.9701749 0.8801811 0.9701749 0.02982507 0.1101416 0.02982525 0.1322854 0.3904181 0.1322854 0.3904179 0.1101415 0.5898871 0.5970538 0.0298255 0.5970536 0.02982549 0.6040593 0.5898871 0.6040594 0.5898867 0.6071335 0.02982507 0.6071334 0.5898866 0.5340949 0.5898866 0.5307864 0.02982507 0.5307865 0.02982511 0.5340949 0.02982507 0.307852 0.5898865 0.3008462 0.02982508 0.3008463 0.5898865 0.3078519 0.5898865 0.310926 0.02982511 0.3109261 0.02982593 0.779498 0.02982551 0.7828065 0.5898873 0.7828065 0.5898877 0.779498 0.7330452 0.9124292 0.7400509 0.9136633 0.7400509 0.9124292 0.7330452 0.9136633 0.7400509 0.9169717 0.7299711 0.9136633 0.7299711 0.9124292 0.7330452 0.9169717 0.7400509 0.9182059 0.7330452 0.9182059 0.7299711 0.9182059 0.7299711 0.9169717 0.657167 0.9182059 0.6501613 0.9169717 0.6501613 0.9182059 0.657167 0.9169717 0.6501613 0.9136632 0.6602411 0.9169717 0.6602411 0.9182059 0.657167 0.9136633 0.6501613 0.9124292 0.657167 0.9124292 0.6602411 0.9124292 0.6602411 0.9136632 0.5898866 0.4041036 0.5898866 0.4028695 0.02982507 0.4028696 0.02982509 0.4041036 0.02982507 0.3718104 0.02982509 0.3730445 0.5898866 0.3730444 0.5898866 0.3718104 0.02982637 0.7782639 0.02982593 0.779498 0.5898877 0.779498 0.5898881 0.7782639 0.5898868 0.7840406 0.5898873 0.7828065 0.02982551 0.7828065 0.02982507 0.7840406 0.02982549 0.6768636 0.02982507 0.6799377 0.5898868 0.6799377 0.5898872 0.6768636 0.02982507 0.464988 0.02982511 0.4680621 0.5898866 0.468062 0.5898866 0.4649879 0.5898871 0.6369587 0.0298255 0.6369586 0.02982549 0.6439643 0.5898871 0.6439644 0.5898867 0.6470385 0.02982507 0.6470384 0.5898866 0.5672286 0.5898866 0.56392 0.02982507 0.56392 0.02982511 0.5672286 0.02982507 0.267947 0.5898865 0.2609413 0.02982508 0.2609414 0.5898865 0.267947 0.5898865 0.2710211 0.02982511 0.2710211 0.02982593 0.7438961 0.02982551 0.7472047 0.5898873 0.7472047 0.5898877 0.7438961 0.6931403 0.9124292 0.700146 0.9136633 0.700146 0.9124292 0.6931403 0.9136633 0.700146 0.9169717 0.6900662 0.9136633 0.6900662 0.9124292 0.6931403 0.9169717 0.700146 0.9182059 0.6931403 0.9182059 0.6900662 0.9182059 0.6900662 0.9169717 0.9689808 0.9701749 0.9619751 0.9689408 0.9619751 0.9701749 0.9689808 0.9689409 0.9619751 0.9656323 0.9720549 0.9689408 0.9720549 0.9701749 0.9689808 0.9656323 0.9619751 0.9643982 0.9689808 0.9643982 0.9720549 0.9643982 0.9720549 0.9656323 0.5898866 0.4351628 0.5898866 0.4339287 0.02982507 0.4339287 0.02982509 0.4351628 0.02982507 0.3407512 0.02982509 0.3419853 0.5898866 0.3419853 0.5898866 0.3407512 0.02982637 0.7426621 0.02982593 0.7438961 0.5898877 0.7438961 0.5898881 0.7426621 0.5898868 0.7484388 0.5898873 0.7472047 0.02982551 0.7472047 0.02982507 0.7484388 0.02982549 0.7097628 0.02982507 0.7128369 0.5898868 0.712837 0.5898872 0.7097629 0.02982507 0.4978873 0.02982511 0.5009614 0.5898866 0.5009613 0.5898866 0.4978872  
					<Normals>: 208 3.895247E-06 0 1 3.895247E-06 0 1 3.895247E-06 0 1 3.895247E-06 0 1 -3.690226E-06 0 -1 -3.690226E-06 0 -1 -3.690226E-06 0 -1 -3.690226E-06 0 -1 0 -1 2.483565E-07 0 -1 2.483565E-07 0 -1 2.483565E-07 0 -1 2.483565E-07 1 0 0 1 0 0 1 0 0 1 0 0 1.960733E-07 1 0 1.960733E-07 1 0 1.960733E-07 1 0 1.960733E-07 1 0 -1 0 1.301478E-06 -1 0 1.301478E-06 -1 0 1.301478E-06 -1 0 1.301478E-06 3.110617E-07 2.927108E-07 1 3.110617E-07 2.927108E-07 1 3.110617E-07 2.927108E-07 1 3.110617E-07 2.927108E-07 1 -3.017487E-07 -3.902811E-07 -1 -3.017487E-07 -3.902811E-07 -1 -3.017487E-07 -3.902811E-07 -1 -3.017487E-07 -3.902811E-07 -1 0 -1 0 0 -1 0 0 -1 0 0 -1 0 1 0 -1.300957E-06 1 0 -1.300957E-06 1 0 -1.300957E-06 1 0 -1.300957E-06 0 1 0 0 1 0 0 1 0 0 1 0 -1 0 0 -1 0 0 -1 0 0 -1 0 0 2.93752E-06 0 1 2.93752E-06 0 1 2.93752E-06 0 1 2.93752E-06 0 1 -2.388753E-06 0 -1 -2.388753E-06 0 -1 -2.388753E-06 0 -1 -2.388753E-06 0 -1 0 -1 2.483566E-07 0 -1 2.483566E-07 0 -1 2.483566E-07 0 -1 2.483566E-07 1 0 0 1 0 0 1 0 0 1 0 0 1.69275E-06 1 0 1.69275E-06 1 0 1.69275E-06 1 0 1.69275E-06 1 0 -1 0 0 -1 0 0 -1 0 0 -1 0 0 0 0 1 0 0 1 0 0 1 0 0 1 0 0 1 0 0 1 -1.596211E-07 -1 0 -1.596211E-07 -1 0 -1.596211E-07 -1 0 -1.596211E-07 -1 0 0 0 -1 0 0 -1 0 0 -1 0 0 -1 0 0 -1 0 0 -1 1.38916E-07 1 0 1.38916E-07 1 0 1.38916E-07 1 0 1.38916E-07 1 0 1 0 0 1 0 0 1 0 0 1 0 0 1 0 0 1 0 0 1 0 0 1 0 0 1 0 0 1 0 0 1 0 0 1 0 0 -1 0 0 -1 0 0 -1 0 0 -1 0 0 -1 0 0 -1 0 0 -1 0 0 -1 0 0 -1 0 0 -1 0 0 -1 0 0 -1 0 0 -1.0237E-07 -1 0 -1.0237E-07 -1 0 -1.0237E-07 -1 0 -1.0237E-07 -1 0 -1.642599E-07 -1 0 -1.642599E-07 -1 0 -1.642599E-07 -1 0 -1.642599E-07 -1 0 1.324847E-07 1 0 1.324847E-07 1 0 1.324847E-07 1 0 1.324847E-07 1 0 0 1 0 0 1 0 0 1 0 0 1 0 0 0 1 0 0 1 0 0 1 0 0 1 0 0 -1 0 0 -1 0 0 -1 0 0 -1 0 0 1 0 0 1 0 0 1 0 0 1 0 0 1 0 0 1 -1.596211E-07 -1 0 -1.596211E-07 -1 0 -1.596211E-07 -1 0 -1.596211E-07 -1 0 0 0 -1 0 0 -1 0 0 -1 0 0 -1 0 0 -1 0 0 -1 1.376711E-07 1 0 1.376711E-07 1 0 1.376711E-07 1 0 1.376711E-07 1 0 1 0 0 1 0 0 1 0 0 1 0 0 1 0 0 1 0 0 1 0 0 1 0 0 1 0 0 1 0 0 1 0 0 1 0 0 -1 0 0 -1 0 0 -1 0 0 -1 0 0 -1 0 0 -1 0 0 -1 0 0 -1 0 0 -1 0 0 -1 0 0 -1 0 0 -1 0 0 -1.538291E-07 -1 0 -1.538291E-07 -1 0 -1.538291E-07 -1 0 -1.538291E-07 -1 0 -1.055273E-07 -1 0 -1.055273E-07 -1 0 -1.055273E-07 -1 0 -1.055273E-07 -1 0 1.31929E-07 1 0 1.31929E-07 1 0 1.31929E-07 1 0 1.31929E-07 1 0 1.007765E-07 1 0 1.007765E-07 1 0 1.007765E-07 1 0 1.007765E-07 1 0 0 0 1 0 0 1 0 0 1 0 0 1 0 0 -1 0 0 -1 0 0 -1 0 0 -1  
					<Tangents>: 208 -1 0 0 -1 0 0 -1 0 0 -1 0 0 1 0 0 1 0 0 1 0 0 1 0 0 1 0 0 1 0 0 1 0 0 1 0 0 0 0 1 0 0 1 0 0 1 0 0 1 -1 0 0 -1 0 0 -1 0 0 -1 0 0 0 0 -1 0 0 -1 0 0 -1 0 0 -1 -1 0 0 -1 0 0 -1 0 0 -1 0 0 1 0 0 1 0 0 1 0 0 1 0 0 1 0 0 1 0 0 1 0 0 1 0 0 0 0 1 0 0 1 0 0 1 0 0 1 -1 0 0 -1 0 0 -1 0 0 -1 0 0 0 0 -1 0 0 -1 0 0 -1 0 0 -1 -1 0 0 -1 0 0 -1 0 0 -1 0 0 1 0 0 1 0 0 1 0 0 1 0 0 1 0 0 1 0 0 1 0 0 1 0 0 0 0 1 0 0 1 0 0 1 0 0 1 -1 0 0 -1 0 0 -1 0 0 -1 0 0 0 0 -1 0 0 -1 0 0 -1 0 0 -1 0 1 0 0 1 0 0 1 0 0 1 0 0 1 0 0 1 0 0 0 -1 0 0 -1 0 0 -1 0 0 -1 0 1 0 0 1 0 0 1 0 0 1 0 0 1 0 0 1 0 0 0 -1 0 0 -1 0 0 -1 0 0 -1 0 1 0 0 1 0 0 1 0 0 1 0 0 1 0 0 1 0 0 1 0 0 1 0 0 1 0 0 1 0 0 1 0 0 1 0 0 1 0 0 1 0 0 1 0 0 1 0 0 1 0 0 1 0 0 1 0 0 1 0 0 1 0 0 1 0 0 1 0 0 1 0 0 0 -1 0 0 -1 0 0 -1 0 0 -1 0 0 -1 0 0 -1 0 0 -1 0 0 -1 0 0 -1 0 0 -1 0 0 -1 0 0 -1 0 0 -1 0 0 -1 0 0 -1 0 0 -1 0 1 0 0 1 0 0 1 0 0 1 0 0 1 0 0 1 0 0 1 0 0 1 0 0 1 0 0 1 0 0 1 0 0 1 0 0 1 0 0 1 0 0 0 -1 0 0 -1 0 0 -1 0 0 -1 0 1 0 0 1 0 0 1 0 0 1 0 0 1 0 0 1 0 0 0 -1 0 0 -1 0 0 -1 0 0 -1 0 1 0 0 1 0 0 1 0 0 1 0 0 1 0 0 1 0 0 1 0 0 1 0 0 1 0 0 1 0 0 1 0 0 1 0 0 1 0 0 1 0 0 1 0 0 1 0 0 1 0 0 1 0 0 1 0 0 1 0 0 1 0 0 1 0 0 1 0 0 1 0 0 0 -1 0 0 -1 0 0 -1 0 0 -1 0 0 -1 0 0 -1 0 0 -1 0 0 -1 0 0 -1 0 0 -1 0 0 -1 0 0 -1 0 0 -1 0 0 -1 0 0 -1 0 0 -1 0 1 0 0 1 0 0 1 0 0 1 0 0 1 0 0 1 0 0 1 0 0 1 0  
					<BiTangents>: 208 0 1 0 0 1 0 0 1 0 0 1 0 0 1 0 0 1 0 0 1 0 0 1 0 0 -2.483565E-07 -1 0 -2.483565E-07 -1 0 -2.483565E-07 -1 0 -2.483565E-07 -1 0 1 0 0 1 0 0 1 0 0 1 0 0 0 -1 0 0 -1 0 0 -1 0 0 -1 0 1 0 0 1 0 0 1 0 0 1 0 0 1 -2.927108E-07 0 1 -2.927108E-07 0 1 -2.927108E-07 0 1 -2.927108E-07 0 1 -3.902811E-07 0 1 -3.902811E-07 0 1 -3.902811E-07 0 1 -3.902811E-07 0 0 -1 0 0 -1 0 0 -1 0 0 -1 0 1 0 0 1 0 0 1 0 0 1 0 0 0 -1 0 0 -1 0 0 -1 0 0 -1 0 1 0 0 1 0 0 1 0 0 1 0 0 1 0 0 1 0 0 1 0 0 1 0 0 1 0 0 1 0 0 1 0 0 1 0 0 -2.483566E-07 -1 0 -2.483566E-07 -1 0 -2.483566E-07 -1 0 -2.483566E-07 -1 0 1 0 0 1 0 0 1 0 0 1 0 0 0 -1 0 0 -1 0 0 -1 0 0 -1 0 1 0 0 1 0 0 1 0 0 1 0 1 0 0 1 0 0 1 0 0 1 0 0 1 0 0 1 0 0 -1 1.596211E-07 0 -1 1.596211E-07 0 -1 1.596211E-07 0 -1 1.596211E-07 0 -1 0 0 -1 0 0 -1 0 0 -1 0 0 -1 0 0 -1 0 0 1 -1.38916E-07 0 1 -1.38916E-07 0 1 -1.38916E-07 0 1 -1.38916E-07 0 0 0 -1 0 0 -1 0 0 -1 0 0 -1 0 0 -1 0 0 -1 0 0 -1 0 0 -1 0 0 -1 0 0 -1 0 0 -1 0 0 -1 0 0 1 0 0 1 0 0 1 0 0 1 0 0 1 0 0 1 0 0 1 0 0 1 0 0 1 0 0 1 0 0 1 0 0 1 -1 1.0237E-07 0 -1 1.0237E-07 0 -1 1.0237E-07 0 -1 1.0237E-07 0 -1 1.642599E-07 0 -1 1.642599E-07 0 -1 1.642599E-07 0 -1 1.642599E-07 0 1 -1.324847E-07 0 1 -1.324847E-07 0 1 -1.324847E-07 0 1 -1.324847E-07 0 1 0 0 1 0 0 1 0 0 1 0 0 1 0 0 1 0 0 1 0 0 1 0 0 -1 0 0 -1 0 0 -1 0 0 -1 0 0 1 0 0 1 0 0 1 0 0 1 0 0 1 0 0 1 0 0 -1 1.596211E-07 0 -1 1.596211E-07 0 -1 1.596211E-07 0 -1 1.596211E-07 0 -1 0 0 -1 0 0 -1 0 0 -1 0 0 -1 0 0 -1 0 0 1 -1.376711E-07 0 1 -1.376711E-07 0 1 -1.376711E-07 0 1 -1.376711E-07 0 0 0 -1 0 0 -1 0 0 -1 0 0 -1 0 0 -1 0 0 -1 0 0 -1 0 0 -1 0 0 -1 0 0 -1 0 0 -1 0 0 -1 0 0 1 0 0 1 0 0 1 0 0 1 0 0 1 0 0 1 0 0 1 0 0 1 0 0 1 0 0 1 0 0 1 0 0 1 -1 1.538291E-07 0 -1 1.538291E-07 0 -1 1.538291E-07 0 -1 1.538291E-07 0 -1 1.055273E-07 0 -1 1.055273E-07 0 -1 1.055273E-07 0 -1 1.055273E-07 0 1 -1.31929E-07 0 1 -1.31929E-07 0 1 -1.31929E-07 0 1 -1.31929E-07 0 1 -1.007765E-07 0 1 -1.007765E-07 0 1 -1.007765E-07 0 1 -1.007765E-07 0 1 0 0 1 0 0 1 0 0 1 0 0 -1 0 0 -1 0 0 -1 0 0 -1 0 0  
					<SubMeshes>: 1
						<SubMesh>: 0 372 0 1 2 0 2 3 4 5 6 4 6 7 8 9 10 8 10 11 12 13 14 12 14 15 16 17 18 16 18 19 20 21 22 20 22 23 24 25 26 24 26 27 28 29 30 28 30 31 32 33 34 32 34 35 36 37 38 36 38 39 40 41 42 40 42 43 44 45 46 44 46 47 48 49 50 48 50 51 52 53 54 52 54 55 56 57 58 56 58 59 60 61 62 60 62 63 64 65 66 64 66 67 68 69 70 68 70 71 72 73 74 72 74 75 74 76 75 74 77 76 78 79 80 78 80 81 82 83 84 82 85 83 82 86 85 82 87 86 88 89 90 88 90 91 92 93 94 92 95 93 96 93 95 92 97 95 92 98 97 96 95 99 100 96 99 100 99 101 99 102 101 99 103 102 104 105 106 104 107 105 107 108 105 104 109 107 104 110 109 107 111 108 112 108 111 112 111 113 111 114 113 111 115 114 116 117 118 116 118 119 120 121 122 120 122 123 124 125 126 124 126 127 128 129 130 128 130 131 132 133 134 132 134 135 136 137 138 136 138 139 140 141 142 140 142 143 142 144 143 142 145 144 146 147 148 146 148 149 150 151 152 150 153 151 150 154 153 150 155 154 156 157 158 156 158 159 160 161 162 160 163 161 164 161 163 160 165 163 160 166 165 164 163 167 168 164 167 168 167 169 167 170 169 167 171 170 172 173 174 172 175 173 175 176 173 172 177 175 172 178 177 175 179 176 180 176 179 180 179 181 179 182 181 179 183 182 184 185 186 184 186 187 188 189 190 188 190 191 192 193 194 192 194 195 196 197 198 196 198 199 200 201 202 200 202 203 204 205 206 204 206 207  
				</Mesh>
				<Materials>: 1
					<Material>: 0
						<AlbedoColor>: 1 1 1 1
						<EmissiveColor>: 1 1 1 1
						<Glossiness>: 0.5
						<Metallic>: 0
						<SpecularHighlight>: 1
						<GlossyReflection>: 1
						<AlbedoMap>: @Wall_Multiset_2_Diffuse
						<MetallicMap>: @Wall_Multiset_2_Maskmap
						<NormalMap>: @Wall_Multiset_2_Normal
						<EmissionMap>: null
						<DetailAlbedoMap>: null
						<DetailNormalMap>: null
				</Materials>
				<Children>: 0
			</Frame>
	</Frame>
</Hierarchy>
